date,ts_code,close,open,high,low,pre_close,change,p_change,volume,amount,date.1,date
2023-12-07,000300.SH,3391.2823,3394.3064,3404.4074,3369.7675,3399.598,-8.3157,-0.2446,97713248.0,160949948.197,20231207.0,20231207
2023-12-08,000300.SH,3399.4618,3391.8585,3409.3845,3383.4479,3391.2823,8.1795,0.2412,129522054.0,203034222.561,20231208.0,20231208
2023-12-11,000300.SH,3419.4548,3378.0517,3426.6106,3346.8902,3399.4618,19.993,0.5881,139626249.0,219761181.423,20231211.0,20231211
2023-12-12,000300.SH,3426.803,3409.9976,3427.5456,3406.1013,3419.4548,7.3482,0.2149,105590013.0,166979964.78,20231212.0,20231212
2023-12-13,000300.SH,3369.605,3418.6413,3418.6413,3369.605,3426.803,-57.198,-1.6691,95285367.0,165455928.376,20231213.0,20231213
2023-12-14,000300.SH,3351.9639,3387.3847,3399.1394,3350.7648,3369.605,-17.6411,-0.5235,83655135.0,150245775.736,20231214.0,20231214
2023-12-15,000300.SH,3341.5517,3365.9388,3388.5047,3339.519,3351.9639,-10.4122,-0.3106,97787783.0,164907019.372,20231215.0,20231215
2023-12-18,000300.SH,3329.3657,3329.191,3352.3458,3314.9095,3341.5517,-12.186,-0.3647,90526826.0,142303319.419,20231218.0,20231218
2023-12-19,000300.SH,3334.0412,3325.6596,3345.7795,3313.1874,3329.3657,4.6755,0.1404,83808118.0,135293655.396,20231219.0,20231219
2023-12-20,000300.SH,3297.5022,3334.332,3338.5434,3297.3652,3334.0412,-36.539,-1.0959,92412868.0,141290542.802,20231220.0,20231220
2023-12-21,000300.SH,3330.8698,3285.6049,3339.3552,3283.9883,3297.5022,33.3676,1.0119,102546198.0,171120780.58,20231221.0,20231221
2023-12-22,000300.SH,3337.2281,3329.4668,3359.0601,3315.8976,3330.8698,6.3583,0.1909,105220133.0,167336342.309,20231222.0,20231222
2023-12-25,000300.SH,3347.4508,3330.3333,3348.882,3330.3333,3337.2281,10.2227,0.3063,74542693.0,121838327.071,20231225.0,20231225
2023-12-26,000300.SH,3324.7902,3345.3952,3345.4171,3315.937,3347.4508,-22.6606,-0.677,74732935.0,121689997.435,20231226.0,20231226
2023-12-27,000300.SH,3336.3572,3326.9267,3341.2659,3309.6731,3324.7902,11.567,0.3479,94403928.0,140924923.675,20231227.0,20231227
2023-12-28,000300.SH,3414.5403,3335.5572,3423.4018,3331.2082,3336.3572,78.1831,2.3434,148064851.0,245855634.464,20231228.0,20231228
2023-12-29,000300.SH,3431.1099,3411.1094,3432.5412,3409.5795,3414.5403,16.5696,0.4853,114928932.0,193573180.515,20231229.0,20231229
2024-01-02,000300.SH,3386.3522,3426.2684,3426.2684,3386.3522,3431.1099,-44.7577,-1.3045,116180726.0,184096097.449,20240102.0,20240102
2024-01-03,000300.SH,3378.2971,3379.7501,3392.8504,3362.6617,3386.3522,-8.0551,-0.2379,105613851.0,165099018.643,20240103.0,20240103
2024-01-04,000300.SH,3347.0519,3375.0207,3375.0207,3323.8647,3378.2971,-31.2452,-0.9249,106721013.0,165512262.699,20240104.0,20240104
2024-01-05,000300.SH,3329.1114,3341.3061,3372.5444,3313.5542,3347.0519,-17.9405,-0.536,126400574.0,182251664.948,20240105.0,20240105
2024-01-08,000300.SH,3286.0564,3322.6051,3333.516,3283.3421,3329.1114,-43.055,-1.2933,117429485.0,170761644.873,20240108.0,20240108
2024-01-09,000300.SH,3292.4994,3286.7083,3304.6008,3273.8431,3286.0564,6.443,0.1961,109330465.0,172276323.045,20240109.0,20240109
2024-01-10,000300.SH,3277.129,3281.6692,3312.9161,3268.2471,3292.4994,-15.3704,-0.4668,94199366.0,159777649.838,20240110.0,20240110
2024-01-11,000300.SH,3295.6717,3275.3086,3311.1137,3266.7911,3277.129,18.5427,0.5658,108789735.0,180978533.6,20240111.0,20240111
2024-01-12,000300.SH,3284.1667,3284.358,3310.4704,3279.6987,3295.6717,-11.505,-0.3491,96853555.0,156536022.3,20240112.0,20240112
2024-01-15,000300.SH,3280.9195,3270.1029,3306.9217,3261.2687,3284.1667,-3.2472,-0.0989,88851530.0,144331722.4,20240115.0,20240115
2024-01-16,000300.SH,3300.8762,3272.571,3300.8762,3260.4362,3280.9195,19.9567,0.6083,113276665.0,175650587.5,20240116.0,20240116
2024-01-17,000300.SH,3229.082,3291.1392,3291.1392,3229.082,3300.8762,-71.7942,-2.175,108769728.0,173516385.2,20240117.0,20240117
2024-01-18,000300.SH,3274.7286,3214.2844,3279.2538,3171.6329,3229.082,45.6466,1.4136,174909168.0,256784536.8,20240118.0,20240118
2024-01-19,000300.SH,3269.7763,3261.2393,3286.9415,3251.8136,3274.7286,-4.9523,-0.1512,118501408.0,191261807.1,20240119.0,20240119
2024-01-22,000300.SH,3218.9016,3262.4685,3281.4205,3193.1776,3269.7763,-50.8747,-1.5559,148705628.0,225510031.8,20240122.0,20240122
2024-01-23,000300.SH,3231.9329,3208.4316,3249.5306,3188.1259,3218.9016,13.0313,0.4048,122012000.0,193791168.6,20240123.0,20240123
2024-01-24,000300.SH,3277.1089,3245.9592,3281.4892,3190.4674,3231.9329,45.176,1.3978,154371954.0,219036341.6,20240124.0,20240124
2024-01-25,000300.SH,3342.9189,3274.3391,3344.2426,3269.7943,3277.1089,65.81,2.0082,196833614.0,265521115.0,20240125.0,20240125
2024-01-26,000300.SH,3333.8213,3326.6465,3351.9692,3315.1265,3342.9189,-9.0976,-0.2721,180664005.0,238144899.5,20240126.0,20240126
2024-01-29,000300.SH,3303.9604,3335.3936,3351.3715,3303.9604,3333.8213,-29.8609,-0.8957,184164795.0,244698013.6,20240129.0,20240129
2024-01-30,000300.SH,3245.0387,3283.8977,3300.204,3244.9719,3303.9604,-58.9217,-1.7834,143649350.0,199592929.912,20240130.0,20240130
2024-01-31,000300.SH,3215.3518,3231.5425,3252.1475,3201.9264,3245.0387,-29.6869,-0.9148,153143469.0,215333349.921,20240131.0,20240131
2024-02-01,000300.SH,3217.7109,3202.2564,3251.7582,3191.8968,3215.3518,2.3591,0.0734,145516792.0,203815063.233,20240201.0,20240201
2024-02-02,000300.SH,3179.6276,3219.8734,3235.4079,3108.3515,3217.7109,-38.0833,-1.1836,173758089.0,234495151.557,20240202.0,20240202
2024-02-05,000300.SH,3200.4218,3164.25,3233.8485,3111.5184,3179.6276,20.7942,0.654,203042970.0,279713141.507,20240205.0,20240205
2024-02-06,000300.SH,3311.6922,3185.2498,3314.512,3182.8216,3200.4218,111.2704,3.4767,202713099.0,285042020.946,20240206.0,20240206
2024-02-07,000300.SH,3343.6303,3314.0306,3343.6303,3289.6704,3311.6922,31.9381,0.9644,216647933.0,297997664.575,20240207.0,20240207
2024-02-08,000300.SH,3364.9297,3351.4052,3367.2101,3336.9779,3343.6303,21.2994,0.637,189977578.0,270239765.211,20240208.0,20240208
2024-02-19,000300.SH,3403.8078,3393.1916,3403.8078,3364.1418,3364.9297,38.8781,1.1554,183319800.0,267674145.147,20240219.0,20240219
2024-02-20,000300.SH,3410.8542,3395.1916,3415.8943,3380.103,3403.8078,7.0464,0.207,140734581.0,218459281.946,20240220.0,20240220
2024-02-21,000300.SH,3456.8713,3390.3619,3500.1338,3383.6911,3410.8542,46.0171,1.3491,188879362.0,291823544.608,20240221.0,20240221
2024-02-22,000300.SH,3486.6747,3450.3518,3486.6826,3448.4135,3456.8713,29.8034,0.8621,141020784.0,225098128.873,20240222.0,20240222
2024-02-23,000300.SH,3489.7416,3491.3367,3507.5592,3472.968,3486.6747,3.0669,0.088,144821273.0,232926057.114,20240223.0,20240223
2024-02-26,000300.SH,3453.3585,3485.5427,3492.6061,3445.3889,3489.7416,-36.3831,-1.0426,151248331.0,238951637.715,20240226.0,20240226
2024-02-27,000300.SH,3494.7874,3440.0516,3494.7874,3437.4422,3453.3585,41.4289,1.1997,139528246.0,244488721.251,20240227.0,20240227
2024-02-28,000300.SH,3450.2598,3499.8257,3521.6574,3450.2598,3494.7874,-44.5276,-1.2741,189837548.0,328300591.256,20240228.0,20240228
2024-02-29,000300.SH,3516.0826,3437.8984,3516.0826,3437.8984,3450.2598,65.8228,1.9078,155944532.0,281971899.288,20240229.0,20240229
2024-03-01,000300.SH,3537.8038,3515.0587,3544.3595,3503.459,3516.0826,21.7212,0.6178,162709570.0,288575619.225,20240301.0,20240301
2024-03-04,000300.SH,3540.8686,3538.366,3548.6901,3519.7599,3537.8038,3.0648,0.0866,163244613.0,297719931.809,20240304.0,20240304
2024-03-05,000300.SH,3565.5143,3524.9644,3570.6935,3519.0816,3540.8686,24.6457,0.696,166422389.0,299895929.709,20240305.0,20240305
2024-03-06,000300.SH,3551.0481,3556.5323,3577.3883,3545.1013,3565.5143,-14.4662,-0.4057,143076613.0,248294165.707,20240306.0,20240306
2024-03-07,000300.SH,3529.7195,3548.1007,3569.9185,3522.8964,3551.0481,-21.3286,-0.6006,148110510.0,251839533.036,20240307.0,20240307
2024-03-08,000300.SH,3544.9099,3529.5509,3548.5055,3511.577,3529.7195,15.1904,0.4304,125792664.0,225379101.014,20240308.0,20240308
2024-03-11,000300.SH,3589.2635,3545.9427,3589.2635,3542.2789,3544.9099,44.3536,1.2512,148202825.0,286418582.155,20240311.0,20240311
2024-03-12,000300.SH,3597.4939,3592.5826,3605.6976,3574.2117,3589.2635,8.2304,0.2293,180685560.0,339997042.337,20240312.0,20240312
2024-03-13,000300.SH,3572.361,3594.4211,3594.4211,3563.3685,3597.4939,-25.1329,-0.6986,144590590.0,266898756.38,20240313.0,20240313
2024-03-14,000300.SH,3562.2229,3571.7885,3597.46,3545.612,3572.361,-10.1381,-0.2838,140962722.0,263803609.335,20240314.0,20240314
2024-03-15,000300.SH,3569.993,3554.9068,3572.8091,3533.6798,3562.2229,7.7701,0.2181,138316044.0,243991558.366,20240315.0,20240315
2024-03-18,000300.SH,3603.528,3577.0564,3604.0519,3573.404,3569.993,33.535,0.9394,160379438.0,295314840.611,20240318.0,20240318
2024-03-19,000300.SH,3577.6303,3593.3396,3610.7389,3577.188,3603.528,-25.8977,-0.7187,145571786.0,259553448.413,20240319.0,20240319
2024-03-20,000300.SH,3585.3838,3568.7158,3589.5456,3568.4341,3577.6303,7.7535,0.2167,129528966.0,223752103.886,20240320.0,20240320
2024-03-21,000300.SH,3581.0902,3593.07,3601.1145,3575.0331,3585.3838,-4.2936,-0.1198,130743377.0,233162492.63,20240321.0,20240321
2024-03-22,000300.SH,3545.0023,3571.2736,3575.7171,3522.8404,3581.0902,-36.0879,-1.0077,139227358.0,248850931.022,20240322.0,20240322
2024-03-25,000300.SH,3525.7634,3536.7136,3564.9604,3525.7634,3545.0023,-19.2389,-0.5427,137015724.0,233747256.235,20240325.0,20240325
2024-03-26,000300.SH,3543.7467,3526.6818,3547.6461,3518.6018,3525.7634,17.9833,0.5101,126209535.0,226730734.844,20240326.0,20240326
2024-03-27,000300.SH,3502.7866,3538.7244,3542.9624,3502.7866,3543.7467,-40.9601,-1.1558,128626763.0,216404726.566,20240327.0,20240327
2024-03-28,000300.SH,3520.9648,3498.482,3551.2143,3489.3861,3502.7866,18.1782,0.519,143334717.0,232530806.335,20240328.0,20240328
2024-03-29,000300.SH,3537.4843,3516.883,3538.2378,3516.883,3520.9648,16.5195,0.4692,128643290.0,201749384.357,20240329.0,20240329
2024-04-01,000300.SH,3595.6466,3551.5815,3600.9193,3551.5815,3537.4843,58.1623,1.6442,162776561.0,251637272.845,20240401.0,20240401
2024-04-02,000300.SH,3580.6759,3593.2206,3596.1903,3568.7539,3595.6466,-14.9707,-0.4164,141272972.0,220207515.543,20240402.0,20240402
2024-04-03,000300.SH,3567.8031,3578.6835,3582.4324,3558.874,3580.6759,-12.8728,-0.3595,135592331.0,214222897.58,20240403.0,20240403
2024-04-08,000300.SH,3536.4077,3553.5554,3567.82,3535.7688,3567.8031,-31.3954,-0.88,155304283.0,243249251.687,20240408.0,20240408
2024-04-09,000300.SH,3533.4871,3533.3849,3543.7141,3518.8601,3536.4077,-2.9206,-0.0826,129670942.0,195893525.575,20240409.0,20240409
2024-04-10,000300.SH,3504.7086,3528.9679,3531.2295,3490.0525,3533.4871,-28.7785,-0.8145,128790274.0,199754768.626,20240410.0,20240410
2024-04-11,000300.SH,3504.2447,3485.0294,3520.5893,3484.9252,3504.7086,-0.4639,-0.0132,126534395.0,200293481.886,20240411.0,20240411
2024-04-12,000300.SH,3475.8389,3505.7499,3516.6988,3470.0611,3504.2447,-28.4058,-0.8106,128921116.0,208566204.703,20240412.0,20240412
2024-04-15,000300.SH,3549.0759,3473.5047,3552.4125,3473.5047,3475.8389,73.237,2.107,183941250.0,267472484.531,20240415.0,20240415
2024-04-16,000300.SH,3511.1146,3533.3636,3545.5034,3503.6158,3549.0759,-37.9613,-1.0696,176153065.0,253315972.272,20240416.0,20240416
2024-04-17,000300.SH,3565.403,3509.1318,3565.9389,3498.0324,3511.1146,54.2884,1.5462,168466398.0,244987812.753,20240417.0,20240417
2024-04-18,000300.SH,3569.8018,3550.5562,3602.7902,3547.5996,3565.403,4.3988,0.1234,178574105.0,261329927.268,20240418.0,20240418
2024-04-19,000300.SH,3541.6619,3550.6087,3560.9492,3529.3237,3569.8018,-28.1399,-0.7883,147281505.0,226229520.121,20240419.0,20240419
2024-04-22,000300.SH,3530.9045,3536.1844,3558.1642,3528.0186,3541.6619,-10.7574,-0.3037,150579042.0,229511183.118,20240422.0,20240422
2024-04-23,000300.SH,3506.2249,3525.6681,3533.7584,3499.9838,3530.9045,-24.6796,-0.699,143113504.0,213257232.211,20240423.0,20240423
2024-04-24,000300.SH,3521.6219,3514.0108,3524.537,3495.6494,3506.2249,15.397,0.4391,121739851.0,195299919.746,20240424.0,20240424
2024-04-25,000300.SH,3530.2813,3510.6396,3543.9699,3505.1999,3521.6219,8.6594,0.2459,115187722.0,184524622.001,20240425.0,20240425
2024-04-26,000300.SH,3584.2686,3531.9647,3588.4003,3531.9647,3530.2813,53.9873,1.5293,197216133.0,308045062.251,20240426.0,20240426
2024-04-29,000300.SH,3623.9124,3584.5427,3645.8229,3578.7597,3584.2686,39.6438,1.106,222721381.0,358709708.838,20240429.0,20240429
2024-04-30,000300.SH,3604.3943,3619.2586,3630.7092,3604.3943,3623.9124,-19.5181,-0.5386,191296899.0,286674161.758,20240430.0,20240430
2024-05-06,000300.SH,3657.8767,3654.0485,3668.2565,3645.738,3604.3943,53.4824,1.4838,208018007.0,333270472.13,20240506.0,20240506
2024-05-07,000300.SH,3659.0076,3657.0007,3665.684,3648.376,3657.8767,1.1309,0.0309,164834286.0,247368347.983,20240507.0,20240507
2024-05-08,000300.SH,3630.2233,3650.7484,3650.9355,3628.6984,3659.0076,-28.7843,-0.7867,130035336.0,199923460.35,20240508.0,20240508
2024-05-09,000300.SH,3664.561,3630.4142,3669.7593,3630.4142,3630.2233,34.3377,0.9459,146559017.0,232694927.941,20240509.0,20240509
2024-05-10,000300.SH,3666.2771,3669.0869,3674.6088,3641.7639,3664.561,1.7161,0.0468,150720536.0,233730562.075,20240510.0,20240510
2024-05-13,000300.SH,3664.6907,3646.3491,3673.6211,3634.6049,3666.2771,-1.5864,-0.0433,157267455.0,249688465.073,20240513.0,20240513
2024-05-14,000300.SH,3657.0454,3668.2254,3675.776,3646.7092,3664.6907,-7.6453,-0.2086,133406490.0,214643548.214,20240514.0,20240514
2024-05-15,000300.SH,3626.0559,3651.0536,3656.5277,3624.002,3657.0454,-30.9895,-0.8474,123522764.0,191480969.435,20240515.0,20240515
2024-05-16,000300.SH,3640.3592,3636.6007,3657.4831,3626.334,3626.0559,14.3033,0.3945,154630503.0,240288953.464,20240516.0,20240516
2024-05-17,000300.SH,3677.9696,3638.5613,3677.9696,3627.447,3640.3592,37.6104,1.0332,164570417.0,247729525.192,20240517.0,20240517
2024-05-20,000300.SH,3690.9623,3682.0615,3703.0287,3677.4426,3677.9696,12.9927,0.3533,184609423.0,279971341.52,20240520.0,20240520
2024-05-21,000300.SH,3676.1611,3682.2868,3684.6106,3665.1524,3690.9623,-14.8012,-0.401,130678283.0,196575354.878,20240521.0,20240521
2024-05-22,000300.SH,3684.451,3675.6471,3691.8804,3667.0885,3676.1611,8.2899,0.2255,151914605.0,230839373.505,20240522.0,20240522
2024-05-23,000300.SH,3641.7917,3672.8403,3674.3654,3633.5051,3684.451,-42.6593,-1.1578,142572990.0,214205039.031,20240523.0,20240523
2024-05-24,000300.SH,3601.4754,3630.827,3650.8734,3599.6678,3641.7917,-40.3163,-1.107,124791177.0,195344742.156,20240524.0,20240524
2024-05-27,000300.SH,3635.7079,3606.645,3638.1514,3603.7131,3601.4754,34.2325,0.9505,131272644.0,206143742.536,20240527.0,20240527
2024-05-28,000300.SH,3609.1724,3633.2535,3638.9703,3605.9213,3635.7079,-26.5355,-0.7299,123532238.0,184381267.979,20240528.0,20240528
2024-05-29,000300.SH,3613.5223,3609.0708,3633.1971,3602.8198,3609.1724,4.3499,0.1205,115906321.0,179072813.278,20240529.0,20240529
2024-05-30,000300.SH,3594.3121,3607.0522,3624.0352,3586.7543,3613.5223,-19.2102,-0.5316,122602995.0,193069647.051,20240530.0,20240530
2024-05-31,000300.SH,3579.9247,3599.8196,3614.6439,3579.9247,3594.3121,-14.3874,-0.4003,112462019.0,180707602.932,20240531.0,20240531
2024-06-03,000300.SH,3588.7483,3577.3798,3600.6044,3567.8713,3579.9247,8.8236,0.2465,141054591.0,222756928.174,20240603.0,20240603
2024-06-04,000300.SH,3615.6714,3583.8104,3622.5012,3580.2771,3588.7483,26.9231,0.7502,124545096.0,195790966.234,20240604.0,20240604
2024-06-05,000300.SH,3594.7936,3610.3601,3623.3232,3594.1056,3615.6714,-20.8778,-0.5774,110906766.0,182639598.875,20240605.0,20240605
2024-06-06,000300.SH,3592.2454,3602.1554,3625.0109,3584.171,3594.7936,-2.5482,-0.0709,137893517.0,226764072.639,20240606.0,20240606
2024-06-07,000300.SH,3574.1143,3594.6335,3603.0698,3552.0853,3592.2454,-18.1311,-0.5047,131103026.0,213001530.098,20240607.0,20240607
2024-06-11,000300.SH,3542.8771,3555.8186,3565.3113,3525.8945,3574.1143,-31.2372,-0.874,134522306.0,219282337.214,20240611.0,20240611
2024-06-12,000300.SH,3544.1225,3539.0947,3551.1706,3531.5657,3542.8771,1.2454,0.0352,122813729.0,200722600.631,20240612.0,20240612
2024-06-13,000300.SH,3526.1306,3548.2162,3551.0771,3520.1802,3544.1225,-17.9919,-0.5077,123245462.0,214792338.449,20240613.0,20240613
2024-06-14,000300.SH,3541.5331,3514.7998,3547.1473,3503.5233,3526.1306,15.4025,0.4368,171516942.0,283768816.845,20240614.0,20240614
2024-06-17,000300.SH,3536.1986,3521.4365,3540.7932,3520.7381,3541.5331,-5.3345,-0.1506,137433438.0,232293851.894,20240617.0,20240617
2024-06-18,000300.SH,3545.5902,3533.4875,3551.7085,3532.7845,3536.1986,9.3916,0.2656,123671838.0,208824124.156,20240618.0,20240618
2024-06-19,000300.SH,3528.749,3543.3599,3543.3599,3524.8449,3545.5902,-16.8412,-0.475,106642797.0,184790298.729,20240619.0,20240619
2024-06-20,000300.SH,3503.2817,3525.1687,3533.9865,3500.131,3528.749,-25.4673,-0.7217,111617396.0,186515776.575,20240620.0,20240620
2024-06-21,000300.SH,3495.6198,3496.3428,3505.5123,3473.8283,3503.2817,-7.6619,-0.2187,109186615.0,182736735.067,20240621.0,20240621
2024-06-24,000300.SH,3476.8102,3473.6392,3505.7752,3471.2164,3495.6198,-18.8096,-0.5381,117990184.0,195787549.314,20240624.0,20240624
2024-06-25,000300.SH,3457.9023,3475.1648,3483.2189,3440.6464,3476.8102,-18.9079,-0.5438,118448118.0,190886336.762,20240625.0,20240625
2024-06-26,000300.SH,3480.2648,3451.5389,3487.3964,3442.2982,3457.9023,22.3625,0.6467,105898861.0,171538111.702,20240626.0,20240626
2024-06-27,000300.SH,3454.1175,3467.2888,3471.1423,3452.5775,3480.2648,-26.1473,-0.7513,114918101.0,174112508.796,20240627.0,20240627
2024-06-28,000300.SH,3461.657,3443.6744,3484.678,3443.6744,3454.1175,7.5395,0.2183,135409153.0,205118806.812,20240628.0,20240628
2024-07-01,000300.SH,3478.1827,3458.2636,3479.9548,3443.8086,3461.657,16.5257,0.4774,121829770.0,188018227.775,20240701.0,20240701
2024-07-02,000300.SH,3471.7857,3472.4527,3488.3189,3464.5237,3478.1827,-6.397,-0.1839,121650121.0,186104752.422,20240702.0,20240702
2024-07-03,000300.SH,3463.4141,3471.5556,3478.7047,3454.9942,3471.7857,-8.3716,-0.2411,103857108.0,163035359.363,20240703.0,20240703
2024-07-04,000300.SH,3445.8128,3468.2958,3483.3098,3444.928,3463.4141,-17.6013,-0.5082,104429909.0,159477153.57,20240704.0,20240704
2024-07-05,000300.SH,3431.0605,3443.3588,3451.0386,3399.6693,3445.8128,-14.7523,-0.4281,116609659.0,181416567.403,20240705.0,20240705
2024-07-08,000300.SH,3401.7604,3420.8033,3428.0418,3395.9123,3431.0605,-29.3001,-0.854,115528218.0,177559765.828,20240708.0,20240708
2024-07-09,000300.SH,3439.8111,3396.8044,3448.9279,3384.8086,3401.7604,38.0507,1.1186,131629443.0,215048837.82,20240709.0,20240709
2024-07-10,000300.SH,3428.9657,3425.8818,3447.505,3423.6483,3439.8111,-10.8454,-0.3153,127203456.0,198149476.849,20240710.0,20240710
2024-07-11,000300.SH,3468.169,3451.0442,3473.9837,3438.118,3428.9657,39.2033,1.1433,145892466.0,237551298.482,20240711.0,20240711
2024-07-12,000300.SH,3472.4014,3459.9564,3479.0958,3457.3633,3468.169,4.2324,0.122,130874589.0,205055553.856,20240712.0,20240712
2024-07-15,000300.SH,3476.2467,3462.6113,3481.4613,3460.7915,3472.4014,3.8453,0.1107,118517083.0,171584915.38,20240715.0,20240715
2024-07-16,000300.SH,3498.2827,3466.8523,3500.2943,3464.3655,3476.2467,22.036,0.6339,120659017.0,200456285.078,20240716.0,20240716
2024-07-17,000300.SH,3501.5836,3494.209,3514.4753,3486.2229,3498.2827,3.3009,0.0944,131802062.0,222830802.528,20240717.0,20240717
2024-07-18,000300.SH,3520.931,3483.2975,3522.7995,3475.7236,3501.5836,19.3474,0.5525,123768199.0,215783795.703,20240718.0,20240718
2024-07-19,000300.SH,3539.0156,3500.8052,3545.3383,3493.0734,3520.931,18.0846,0.5136,132447975.0,228065104.129,20240719.0,20240719
2024-07-22,000300.SH,3514.9249,3538.4012,3540.1874,3494.0143,3539.0156,-24.0907,-0.6807,132126337.0,217457320.404,20240722.0,20240722
2024-07-23,000300.SH,3439.8779,3509.7887,3509.7887,3439.8779,3514.9249,-75.047,-2.1351,128897660.0,202857560.169,20240723.0,20240723
2024-07-24,000300.SH,3418.1663,3432.3459,3451.4196,3408.4129,3439.8779,-21.7116,-0.6312,127036263.0,184884499.787,20240724.0,20240724
2024-07-25,000300.SH,3399.2716,3404.611,3415.8557,3383.7991,3418.1663,-18.8947,-0.5528,131022242.0,190131464.835,20240725.0,20240725
2024-07-26,000300.SH,3409.2931,3403.7084,3420.8201,3388.6601,3399.2716,10.0215,0.2948,124195558.0,187853329.5,20240726.0,20240726
2024-07-29,000300.SH,3390.742,3404.3663,3408.5024,3388.8444,3409.2931,-18.5511,-0.5441,109787786.0,166697103.823,20240729.0,20240729
2024-07-30,000300.SH,3369.3821,3380.6893,3380.6893,3352.8043,3390.742,-21.3599,-0.6299,104952164.0,165442824.49,20240730.0,20240730
2024-07-31,000300.SH,3442.0844,3364.0268,3445.0042,3364.0268,3369.3821,72.7023,2.1577,171959177.0,258249147.336,20240731.0,20240731
2024-08-01,000300.SH,3419.2666,3443.1397,3448.3361,3419.1872,3442.0844,-22.8178,-0.6629,136323464.0,206038002.518,20240801.0,20240801
2024-08-02,000300.SH,3384.3919,3393.9167,3419.1023,3380.9645,3419.2666,-34.8747,-1.0199,116615255.0,179671192.428,20240802.0,20240802
2024-08-05,000300.SH,3343.3205,3362.1117,3409.0314,3343.3205,3384.3919,-41.0714,-1.2136,142812516.0,223631266.563,20240805.0,20240805
2024-08-06,000300.SH,3342.9789,3367.3517,3376.7956,3318.6251,3343.3205,-0.3416,-0.0102,119340279.0,181724693.848,20240806.0,20240806
2024-08-07,000300.SH,3341.489,3338.5909,3362.3839,3329.9658,3342.9789,-1.4899,-0.0446,95084377.0,145078975.326,20240807.0,20240807
2024-08-08,000300.SH,3342.9369,3332.4281,3364.7855,3320.8432,3341.489,1.4479,0.0433,92495695.0,149482926.227,20240808.0,20240808
2024-08-09,000300.SH,3331.6274,3358.128,3366.6688,3331.6274,3342.9369,-11.3095,-0.3383,91511626.0,142852166.559,20240809.0,20240809
2024-08-12,000300.SH,3325.8645,3327.5561,3338.0771,3319.8908,3331.6274,-5.7629,-0.173,79938754.0,117544892.727,20240812.0,20240812
2024-08-13,000300.SH,3334.3903,3328.0138,3335.014,3310.1909,3325.8645,8.5258,0.2563,84489679.0,125259155.343,20240813.0,20240813
2024-08-14,000300.SH,3309.2389,3332.7866,3332.7866,3309.1,3334.3903,-25.1514,-0.7543,78742407.0,118181952.004,20240814.0,20240814
2024-08-15,000300.SH,3341.953,3301.4455,3356.7644,3297.9711,3309.2389,32.7141,0.9886,104766399.0,149249335.426,20240815.0,20240815
2024-08-16,000300.SH,3345.634,3342.0346,3356.9071,3335.6239,3341.953,3.681,0.1101,96519083.0,135885323.083,20240816.0,20240816
2024-08-19,000300.SH,3356.9677,3344.2614,3375.9621,3343.7116,3345.634,11.3337,0.3388,105571110.0,143421671.337,20240819.0,20240819
2024-08-20,000300.SH,3332.7034,3361.6394,3362.3338,3321.6397,3356.9677,-24.2643,-0.7228,101668331.0,137910585.092,20240820.0,20240820
2024-08-21,000300.SH,3321.635,3322.9134,3339.443,3307.9917,3332.7034,-11.0684,-0.3321,89954751.0,130005992.563,20240821.0,20240821
2024-08-22,000300.SH,3313.1357,3322.8723,3327.6962,3305.2453,3321.635,-8.4993,-0.2559,100366504.0,147702791.561,20240822.0,20240822
2024-08-23,000300.SH,3327.1905,3305.9307,3336.2414,3305.6403,3313.1357,14.0548,0.4242,89525774.0,132680886.5,20240823.0,20240823
2024-08-26,000300.SH,3324.2231,3330.7184,3336.5271,3311.5701,3327.1905,-2.9674,-0.0892,93990772.0,139070603.958,20240826.0,20240826
2024-08-27,000300.SH,3305.3338,3315.686,3320.5667,3299.5635,3324.2231,-18.8893,-0.5682,95808157.0,129755962.864,20240827.0,20240827
2024-08-28,000300.SH,3286.4956,3298.9089,3305.3496,3274.5881,3305.3338,-18.8382,-0.5699,92696650.0,135982310.965,20240828.0,20240828
2024-08-29,000300.SH,3277.6812,3273.541,3290.7857,3269.5288,3286.4956,-8.8144,-0.2682,130702333.0,174340106.393,20240829.0,20240829
2024-08-30,000300.SH,3321.4323,3273.7532,3351.6254,3273.6496,3277.6812,43.7511,1.3348,188695443.0,268376041.211,20240830.0,20240830
2024-09-02,000300.SH,3265.011,3307.5432,3307.7627,3264.7565,3321.4323,-56.4213,-1.6987,147612353.0,194409996.348,20240902.0,20240902
2024-09-03,000300.SH,3273.4282,3261.741,3281.5935,3261.1877,3265.011,8.4172,0.2578,122897306.0,155089488.535,20240903.0,20240903
2024-09-04,000300.SH,3252.1649,3253.898,3272.9861,3249.9809,3273.4282,-21.2633,-0.6496,104832482.0,140070063.077,20240904.0,20240904
2024-09-05,000300.SH,3257.7578,3252.96,3266.882,3247.1725,3252.1649,5.5929,0.172,97109450.0,134618198.894,20240905.0,20240905
2024-09-06,000300.SH,3231.3457,3261.1542,3274.8144,3231.0685,3257.7578,-26.4121,-0.8107,88400417.0,121541545.906,20240906.0,20240906
2024-09-09,000300.SH,3192.9516,3214.7996,3222.9278,3180.9277,3231.3457,-38.3941,-1.1882,108673069.0,146516054.461,20240909.0,20240909
2024-09-10,000300.SH,3195.7552,3193.4557,3205.0972,3171.7932,3192.9516,2.8036,0.0878,97290078.0,133610476.132,20240910.0,20240910
2024-09-11,000300.SH,3186.1299,3187.0508,3197.3363,3174.0343,3195.7552,-9.6253,-0.3012,102482110.0,141513837.135,20240911.0,20240911
2024-09-12,000300.SH,3172.4747,3189.4271,3201.5544,3171.8775,3186.1299,-13.6552,-0.4286,92868657.0,136387244.637,20240912.0,20240912
2024-09-13,000300.SH,3159.247,3174.0344,3188.9145,3159.247,3172.4747,-13.2277,-0.417,88336677.0,137448911.397,20240913.0,20240913
2024-09-18,000300.SH,3171.0102,3158.8179,3179.9012,3145.7908,3159.247,11.7632,0.3723,84722814.0,123452147.969,20240918.0,20240918
2024-09-19,000300.SH,3196.0357,3178.3959,3213.8378,3149.7925,3171.0102,25.0255,0.7892,125439272.0,181785109.713,20240919.0,20240919
2024-09-20,000300.SH,3201.0497,3192.4322,3207.9875,3173.2238,3196.0357,5.014,0.1569,118064098.0,163985054.957,20240920.0,20240920
2024-09-23,000300.SH,3212.7639,3200.8678,3230.1613,3198.0248,3201.0497,11.7142,0.3659,95344855.0,143876166.861,20240923.0,20240923
2024-09-24,000300.SH,3351.909,3244.6468,3351.9684,3222.4885,3212.7639,139.1451,4.331,204072217.0,307879526.848,20240924.0,20240924
2024-09-25,000300.SH,3401.533,3403.7021,3465.4882,3393.438,3351.909,49.624,1.4805,241564255.0,356862584.94,20240925.0,20240925
2024-09-26,000300.SH,3545.3204,3399.3188,3545.3249,3391.6772,3401.533,143.7874,4.2271,243134010.0,373983643.045,20240926.0,20240926
2024-09-27,000300.SH,3703.6849,3617.9203,3708.4951,3596.5833,3545.3204,158.3645,4.4669,265487774.0,466692757.482,20240927.0,20240927
2024-09-30,000300.SH,4017.8545,3846.6515,4038.6968,3796.5045,3703.6849,314.1696,8.4826,510217707.0,862528807.419,20240930.0,20240930
2024-10-08,000300.SH,4256.0962,4450.3675,4450.3675,4094.3519,4017.8545,238.2417,5.9296,589867894.0,1130387437.13,20241008.0,20241008
2024-10-09,000300.SH,3955.9839,4168.8436,4197.6,3942.5118,4256.0962,-300.1123,-7.0514,482269295.0,1029032062.193,20241009.0,20241009
2024-10-10,000300.SH,3997.7879,3979.6116,4098.4967,3912.7708,3955.9839,41.804,1.0567,395053099.0,717952217.513,20241010.0,20241010
2024-10-11,000300.SH,3887.167,3969.7576,3978.2389,3847.1228,3997.7879,-110.6209,-2.7671,274096505.0,484998267.296,20241011.0,20241011
2024-10-14,000300.SH,3961.3424,3915.2186,3979.5431,3868.779,3887.167,74.1754,1.9082,307578993.0,534076602.216,20241014.0,20241014
2024-10-15,000300.SH,3855.9949,3942.5342,3967.8712,3855.9949,3961.3424,-105.3475,-2.6594,242486448.0,434410916.724,20241015.0,20241015
2024-10-16,000300.SH,3831.589,3806.1373,3877.7483,3805.0868,3855.9949,-24.4059,-0.6329,218866407.0,377301324.426,20241016.0,20241016
2024-10-17,000300.SH,3788.2217,3853.841,3882.0733,3787.7498,3831.589,-43.3673,-1.1318,212313820.0,369170521.635,20241017.0,20241017
2024-10-18,000300.SH,3925.234,3780.3143,3998.214,3765.1615,3788.2217,137.0123,3.6168,312958834.0,620673701.894,20241018.0,20241018
2024-10-21,000300.SH,3935.1974,3946.9016,3979.2638,3896.165,3925.234,9.9634,0.2538,291185634.0,600109598.949,20241021.0,20241021
2024-10-22,000300.SH,3957.7755,3923.7443,3965.9084,3917.5218,3935.1974,22.5781,0.5737,223433396.0,442881846.814,20241022.0,20241022
2024-10-23,000300.SH,3973.2089,3955.3191,4012.1795,3939.0986,3957.7755,15.4334,0.39,245873949.0,469120806.272,20241023.0,20241023
2024-10-24,000300.SH,3928.8334,3950.8987,3957.9832,3914.0887,3973.2089,-44.3755,-1.1169,174724062.0,340486884.485,20241024.0,20241024
2024-10-25,000300.SH,3956.421,3931.3205,3992.8918,3921.9396,3928.8334,27.5876,0.7022,210694885.0,412231378.43,20241025.0,20241025
2024-10-28,000300.SH,3964.1569,3953.1063,3964.1569,3917.2042,3956.421,7.7359,0.1955,216160415.0,390450182.338,20241028.0,20241028
2024-10-29,000300.SH,3924.649,3970.008,3991.3091,3921.5795,3964.1569,-39.5079,-0.9966,217293984.0,429625020.405,20241029.0,20241029
2024-10-30,000300.SH,3889.4487,3904.1595,3926.0581,3864.3051,3924.649,-35.2003,-0.8969,219436626.0,385010582.233,20241030.0,20241030
2024-10-31,000300.SH,3891.0396,3888.4229,3923.8997,3859.1079,3889.4487,1.5909,0.0409,300636718.0,515533818.945,20241031.0,20241031
2024-11-01,000300.SH,3890.0203,3882.4579,3933.2204,3879.9588,3891.0396,-1.0193,-0.0262,307986481.0,476472952.028,20241101.0,20241101
2024-11-04,000300.SH,3944.7619,3897.7144,3944.7619,3891.2109,3890.0203,54.7416,1.4072,229239060.0,381048606.068,20241104.0,20241104
2024-11-05,000300.SH,4044.5725,3937.6228,4046.6977,3925.4138,3944.7619,99.8106,2.5302,316862794.0,580971852.724,20241105.0,20241105
2024-11-06,000300.SH,4024.2831,4051.2891,4091.7031,4002.5027,4044.5725,-20.2894,-0.5016,335807938.0,639124093.912,20241106.0,20241106
2024-11-07,000300.SH,4145.6952,3987.2665,4146.151,3984.6652,4024.2831,121.4121,3.017,341436414.0,658145920.948,20241107.0,20241107
2024-11-08,000300.SH,4104.047,4192.0794,4200.908,4094.1631,4145.6952,-41.6482,-1.0046,332350385.0,688446559.772,20241108.0,20241108
2024-11-11,000300.SH,4131.1312,4066.9336,4132.5111,4048.039,4104.047,27.0842,0.6599,289594227.0,625605935.91,20241111.0,20241111
2024-11-12,000300.SH,4085.743,4133.3528,4181.7096,4060.7936,4131.1312,-45.3882,-1.0987,297778086.0,660380524.821,20241112.0,20241112
2024-11-13,000300.SH,4110.8901,4059.5898,4121.0735,4059.5898,4085.743,25.1471,0.6155,240484099.0,512734303.119,20241113.0,20241113
2024-11-14,000300.SH,4039.6191,4101.2228,4118.1686,4034.9441,4110.8901,-71.271,-1.7337,230152784.0,464157560.755,20241114.0,20241114
2024-11-15,000300.SH,3968.8308,4025.6482,4049.071,3968.8308,4039.6191,-70.7883,-1.7524,247399463.0,474079686.588,20241115.0,20241115
2024-11-18,000300.SH,3950.3806,3982.1036,4034.0596,3931.1872,3968.8308,-18.4502,-0.4649,306777946.0,472408054.831,20241118.0,20241118
2024-11-19,000300.SH,3976.8912,3954.6038,3979.1505,3896.7493,3950.3806,26.5106,0.6711,242946465.0,402610970.34,20241119.0,20241119
2024-11-20,000300.SH,3985.7727,3966.1238,4001.0847,3958.3383,3976.8912,8.8815,0.2233,184599372.0,347577693.1,20241120.0,20241120
2024-11-21,000300.SH,3989.2979,3979.4554,3999.5693,3966.0658,3985.7727,3.5252,0.0884,166125927.0,324235010.779,20241121.0,20241121
2024-11-22,000300.SH,3865.6989,3984.2435,3990.2647,3865.6989,3989.2979,-123.599,-3.0983,216285809.0,397566831.848,20241122.0,20241122
2024-11-25,000300.SH,3848.0909,3875.6126,3889.7069,3812.3179,3865.6989,-17.608,-0.4555,190702953.0,349006773.18,20241125.0,20241125
2024-11-26,000300.SH,3840.1847,3836.259,3875.229,3833.2842,3848.0909,-7.9062,-0.2055,149892441.0,264403254.8,20241126.0,20241126
2024-11-27,000300.SH,3907.0447,3829.3442,3907.164,3817.9125,3840.1847,66.86,1.7411,174136096.0,320632355.477,20241127.0,20241127
2024-11-28,000300.SH,3872.5505,3904.2525,3908.3918,3866.0136,3907.0447,-34.4942,-0.8829,150117291.0,286432871.224,20241128.0,20241128
2024-11-29,000300.SH,3916.5832,3869.8903,3962.7002,3869.8903,3872.5505,44.0327,1.137,187656713.0,375262017.919,20241129.0,20241129
2024-12-02,000300.SH,3947.632,3909.7029,3955.1252,3902.1697,3916.5832,31.0488,0.7928,197289784.0,368591235.991,20241202.0,20241202
2024-12-03,000300.SH,3951.8912,3946.7034,3963.9474,3922.8425,3947.632,4.2592,0.1079,182496867.0,327295048.701,20241203.0,20241203
2024-12-04,000300.SH,3930.5568,3948.13,3957.365,3917.7467,3951.8912,-21.3344,-0.5399,174626318.0,312040419.082,20241204.0,20241204
2024-12-05,000300.SH,3921.5881,3916.5638,3936.3358,3910.0834,3930.5568,-8.9687,-0.2282,138534038.0,257716297.997,20241205.0,20241205
2024-12-06,000300.SH,3973.1405,3923.8954,3995.1168,3923.8954,3921.5881,51.5524,1.3146,192057907.0,351751735.425,20241206.0,20241206
2024-12-09,000300.SH,3966.5708,3970.6628,3995.5116,3948.4206,3973.1405,-6.5697,-0.1654,175959958.0,308227216.703,20241209.0,20241209
2024-12-10,000300.SH,3995.6369,4094.05,4098.3804,3988.9676,3966.5708,29.0661,0.7328,253463795.0,487278042.807,20241210.0,20241210
2024-12-11,000300.SH,3988.8308,3988.0179,4005.3253,3977.3522,3995.6369,-6.8061,-0.1703,177252846.0,310713317.895,20241211.0,20241211
2024-12-12,000300.SH,4028.5048,3987.1525,4031.7441,3981.3485,3988.8308,39.674,0.9946,181621777.0,333667518.401,20241212.0,20241212
2024-12-13,000300.SH,3933.1808,4000.9854,4000.9854,3931.7392,4028.5048,-95.324,-2.3662,230353079.0,421478609.274,20241213.0,20241213
2024-12-16,000300.SH,3911.8416,3930.7807,3938.7595,3901.6465,3933.1808,-21.3392,-0.5425,178511251.0,327619081.581,20241216.0,20241216
2024-12-17,000300.SH,3922.0334,3908.1263,3955.945,3908.1263,3911.8416,10.1918,0.2605,160939090.0,306037370.847,20241217.0,20241217
2024-12-18,000300.SH,3941.89,3934.5425,3956.1441,3933.9693,3922.0334,19.8566,0.5063,157738321.0,276825381.224,20241218.0,20241218
2024-12-19,000300.SH,3945.4635,3911.8901,3954.3491,3899.7479,3941.89,3.5735,0.0907,161081040.0,321771606.933,20241219.0,20241219
2024-12-20,000300.SH,3927.7441,3937.4722,3958.6336,3923.2562,3945.4635,-17.7194,-0.4491,154986496.0,332143276.398,20241220.0,20241220
2024-12-23,000300.SH,3933.5718,3928.1493,3965.8502,3928.1493,3927.7441,5.8277,0.1484,190067362.0,354063425.209,20241223.0,20241223
2024-12-24,000300.SH,3983.6882,3934.9422,3985.8588,3934.7338,3933.5718,50.1164,1.2741,161494589.0,310384873.294,20241224.0,20241224
2024-12-25,000300.SH,3985.6291,3987.9557,4007.7626,3969.4766,3983.6882,1.9409,0.0487,159390747.0,299295145.793,20241225.0,20241225
2024-12-26,000300.SH,3987.4801,3981.7317,3991.5331,3965.5461,3985.6291,1.851,0.0464,143425286.0,305769929.403,20241226.0,20241226
2024-12-27,000300.SH,3981.0307,3987.0189,4007.1314,3970.9365,3987.4801,-6.4494,-0.1617,169268666.0,345011075.199,20241227.0,20241227
2024-12-30,000300.SH,3999.0549,3976.7004,4005.778,3976.7004,3981.0307,18.0242,0.4528,164612485.0,322699390.192,20241230.0,20241230
2024-12-31,000300.SH,3934.9109,3995.8705,4004.3462,3934.9109,3999.0549,-64.144,-1.604,183928397.0,347880439.53,20241231.0,20241231
2025-01-02,000300.SH,3820.3952,3931.8155,3934.2034,3796.3389,3934.9109,-114.5157,-2.9102,217898724.0,388636586.639,20250102.0,20250102
2025-01-03,000300.SH,3775.1648,3825.2426,3835.9353,3767.6653,3820.3952,-45.2304,-1.1839,175342676.0,304322755.436,20250103.0,20250103
2025-01-06,000300.SH,3768.9697,3775.9902,3788.8489,3743.0727,3775.1648,-6.1951,-0.1641,150946670.0,262803541.116,20250106.0,20250106
2025-01-07,000300.SH,3796.1055,3760.866,3797.602,3749.0581,3768.9697,27.1358,0.72,146455779.0,266855795.347,20250107.0,20250107
2025-01-08,000300.SH,3789.2153,3781.261,3810.7355,3731.1887,3796.1055,-6.8902,-0.1815,169166968.0,300965725.433,20250108.0,20250108
2025-01-09,000300.SH,3779.8773,3780.7341,3795.2608,3768.681,3789.2153,-9.338,-0.2464,129794002.0,251486002.82,20250109.0,20250109
2025-01-10,000300.SH,3732.4806,3778.8928,3786.8069,3732.4806,3779.8773,-47.3967,-1.2539,137523171.0,275354209.064,20250110.0,20250110
2025-01-13,000300.SH,3722.513,3704.4442,3737.8852,3704.1073,3732.4806,-9.9676,-0.2671,136446199.0,247861953.197,20250113.0,20250113
2025-01-14,000300.SH,3820.5395,3728.5561,3826.6399,3718.8768,3722.513,98.0265,2.6333,170664657.0,345461480.064,20250114.0,20250114
2025-01-15,000300.SH,3796.026,3810.0353,3816.8284,3790.1655,3820.5395,-24.5135,-0.6416,141475520.0,278850595.532,20250115.0,20250115
2025-01-16,000300.SH,3800.3836,3812.1935,3842.947,3776.2861,3796.026,4.3576,0.1148,144505871.0,305734630.771,20250116.0,20250116
2025-01-17,000300.SH,3812.3429,3788.3729,3831.6404,3780.2133,3800.3836,11.9593,0.3147,126621961.0,265437489.594,20250117.0,20250117
2025-01-20,000300.SH,3829.6764,3835.3042,3858.6677,3821.9815,3812.3429,17.3335,0.4547,139581277.0,292175449.109,20250120.0,20250120
2025-01-21,000300.SH,3832.6145,3850.3563,3850.9106,3817.1214,3829.6764,2.9381,0.0767,141218406.0,285073351.693,20250121.0,20250121
2025-01-22,000300.SH,3797.0166,3823.9447,3823.9447,3783.1438,3832.6145,-35.5979,-0.9288,137255062.0,298745637.551,20250122.0,20250122
2025-01-23,000300.SH,3803.7439,3829.0462,3864.2585,3801.8531,3797.0166,6.7273,0.1772,180569551.0,345198071.114,20250123.0,20250123
2025-01-24,000300.SH,3832.8637,3793.8498,3847.6003,3793.4836,3803.7439,29.1198,0.7656,148971722.0,296474375.469,20250124.0,20250124
2025-01-27,000300.SH,3817.0802,3836.9578,3851.9969,3817.0802,3832.8637,-15.7835,-0.4118,146670772.0,282940127.541,20250127.0,20250127
2025-02-05,000300.SH,3795.0848,3844.6998,3844.6998,3785.162,3817.0802,-21.9954,-0.5762,157168308.0,346016202.025,20250205.0,20250205
2025-02-06,000300.SH,3842.8314,3789.6086,3843.4942,3788.3196,3795.0848,47.7466,1.2581,167288176.0,371891971.101,20250206.0,20250206
2025-02-07,000300.SH,3892.7028,3844.0574,3919.3499,3833.8685,3842.8314,49.8714,1.2978,221857707.0,487381557.078,20250207.0,20250207
2025-02-10,000300.SH,3901.0618,3898.1023,3906.3678,3878.8314,3892.7028,8.359,0.2147,188903040.0,384968342.874,20250210.0,20250210
2025-02-11,000300.SH,3883.1352,3905.1594,3905.1594,3872.9087,3901.0618,-17.9266,-0.4595,166574909.0,337866056.116,20250211.0,20250211
2025-02-12,000300.SH,3919.8617,3875.9596,3920.7229,3867.3538,3883.1352,36.7265,0.9458,164228540.0,354830596.298,20250212.0,20250212
2025-02-13,000300.SH,3905.1398,3913.9044,3939.1978,3904.9845,3919.8617,-14.7219,-0.3756,172485874.0,376473453.307,20250213.0,20250213
2025-02-14,000300.SH,3939.0085,3900.8274,3942.0356,3900.8274,3905.1398,33.8687,0.8673,172976452.0,360974236.854,20250214.0,20250214
2025-02-17,000300.SH,3947.3983,3954.4147,3955.8959,3921.7017,3939.0085,8.3898,0.213,213588246.0,430929575.563,20250217.0,20250217
2025-02-18,000300.SH,3912.7829,3942.5761,3965.4232,3901.8675,3947.3983,-34.6154,-0.8769,209425101.0,400186229.941,20250218.0,20250218
2025-02-19,000300.SH,3940.1602,3906.2201,3943.6742,3904.1455,3912.7829,27.3773,0.6997,182829517.0,363680372.563,20250219.0,20250219
2025-02-20,000300.SH,3928.8959,3934.6503,3940.678,3916.1772,3940.1602,-11.2643,-0.2859,163895236.0,325972429.363,20250220.0,20250220
2025-02-21,000300.SH,3978.444,3938.0518,3981.048,3927.7874,3928.8959,49.5481,1.2611,227400330.0,504645493.577,20250221.0,20250221
2025-02-24,000300.SH,3969.7169,3972.4831,3995.9456,3949.2309,3978.444,-8.7271,-0.2194,220810618.0,455088749.685,20250224.0,20250224
2025-02-25,000300.SH,3925.6505,3933.636,3955.4336,3915.6527,3969.7169,-44.0664,-1.1101,178108580.0,377981451.25,20250225.0,20250225
2025-02-26,000300.SH,3959.9413,3931.842,3960.3298,3925.3664,3925.6505,34.2908,0.8735,191062501.0,386458193.763,20250226.0,20250226
2025-02-27,000300.SH,3968.1159,3961.0635,3973.9323,3933.4611,3959.9413,8.1746,0.2064,202887963.0,428272792.668,20250227.0,20250227
2025-02-28,000300.SH,3890.0487,3950.1866,3972.4813,3886.3994,3968.1159,-78.0672,-1.9674,198104147.0,420308043.45,20250228.0,20250228
2025-03-03,000300.SH,3888.4738,3899.6962,3930.0048,3872.5872,3890.0487,-1.5749,-0.0405,177623166.0,356057735.014,20250303.0,20250303
2025-03-04,000300.SH,3885.2208,3865.9939,3890.4235,3855.7254,3888.4738,-3.253,-0.0837,149850967.0,297739246.802,20250304.0,20250304
2025-03-05,000300.SH,3902.5706,3887.7992,3906.4214,3877.0188,3885.2208,17.3498,0.4466,158652751.0,290860484.505,20250305.0,20250305
2025-03-06,000300.SH,3956.2369,3923.3827,3964.4942,3917.0833,3902.5706,53.6663,1.3752,193960915.0,397419427.643,20250306.0,20250306
2025-03-07,000300.SH,3944.0143,3944.9145,3967.0743,3935.0464,3956.2369,-12.2226,-0.3089,166732375.0,340626700.286,20250307.0,20250307
2025-03-10,000300.SH,3928.8018,3945.5795,3949.1448,3905.127,3944.0143,-15.2125,-0.3857,152765232.0,292574987.481,20250310.0,20250310
2025-03-11,000300.SH,3941.4157,3890.4305,3941.4157,3889.4298,3928.8018,12.6139,0.3211,144754402.0,287480453.12,20250311.0,20250311
2025-03-12,000300.SH,3927.2315,3946.8623,3953.6125,3921.4736,3941.4157,-14.1842,-0.3599,156732190.0,309627267.365,20250312.0,20250312
2025-03-13,000300.SH,3911.5793,3925.7439,3939.2854,3897.3758,3927.2315,-15.6522,-0.3986,156536443.0,295173112.58,20250313.0,20250313
2025-03-14,000300.SH,4006.5567,3919.6159,4014.1586,3919.6159,3911.5793,94.9774,2.4281,216139003.0,450895278.803,20250314.0,20250314
2025-03-17,000300.SH,3996.7876,4020.6402,4021.7278,3992.2563,4006.5567,-9.7691,-0.2438,162202911.0,318904417.418,20250317.0,20250317
2025-03-18,000300.SH,4007.7229,4011.7794,4016.873,3995.9602,3996.7876,10.9353,0.2736,140208496.0,292739319.545,20250318.0,20250318
2025-03-19,000300.SH,4010.168,4004.8251,4025.299,3989.512,4007.7229,2.4451,0.061,144419428.0,286075300.795,20250319.0,20250319
2025-03-20,000300.SH,3974.9918,4011.0588,4012.0416,3969.9259,4010.168,-35.1762,-0.8772,133754670.0,260020676.826,20250320.0,20250320
2025-03-21,000300.SH,3914.6956,3966.5146,3983.1476,3904.7674,3974.9918,-60.2962,-1.5169,165905294.0,309348613.935,20250321.0,20250321
2025-03-24,000300.SH,3934.8486,3916.1136,3938.1826,3907.1999,3914.6956,20.153,0.5148,152234674.0,266051442.613,20250324.0,20250324
2025-03-25,000300.SH,3932.2951,3937.8975,3946.3574,3921.5287,3934.8486,-2.5535,-0.0649,140475399.0,239246310.986,20250325.0,20250325
2025-03-26,000300.SH,3919.3566,3930.2073,3942.026,3916.8607,3932.2951,-12.9385,-0.329,131164187.0,220943164.486,20250326.0,20250326
2025-03-27,000300.SH,3932.4117,3911.3841,3952.9852,3903.652,3919.3566,13.0551,0.3331,126793738.0,232173613.774,20250327.0,20250327
2025-03-28,000300.SH,3915.1662,3930.7763,3934.2336,3907.384,3932.4117,-17.2455,-0.4385,126356214.0,213379194.289,20250328.0,20250328
2025-03-31,000300.SH,3887.3056,3905.9815,3928.4482,3872.403,3915.1662,-27.8606,-0.7116,166798523.0,268480316.572,20250331.0,20250331
2025-04-01,000300.SH,3887.6841,3892.7794,3905.2622,3882.4045,3887.3056,0.3785,0.0097,140380274.0,246041674.67,20250401.0,20250401
2025-04-02,000300.SH,3884.3858,3884.4181,3900.4949,3877.1599,3887.6841,-3.2983,-0.0848,113043175.0,198267515.342,20250402.0,20250402
2025-04-03,000300.SH,3861.5034,3843.4177,3883.7025,3843.4177,3884.3858,-22.8824,-0.5891,142599789.0,263684681.545,20250403.0,20250403
2025-04-07,000300.SH,3589.4406,3675.2017,3707.7771,3514.1165,3861.5034,-272.0628,-7.0455,312578586.0,512971787.745,20250407.0,20250407
2025-04-08,000300.SH,3650.759,3597.9859,3650.759,3583.8746,3589.4406,61.3184,1.7083,280197312.0,464021087.838,20250408.0,20250408
2025-04-09,000300.SH,3686.7943,3606.1036,3686.7943,3587.3368,3650.759,36.0353,0.9871,262305708.0,455031069.29,20250409.0,20250409
2025-04-10,000300.SH,3735.1151,3749.1262,3756.1386,3708.8194,3686.7943,48.3208,1.3106,227252227.0,403842564.856,20250410.0,20250410
2025-04-11,000300.SH,3750.5167,3730.3148,3762.3653,3708.4617,3735.1151,15.4016,0.4123,168759691.0,318535141.904,20250411.0,20250411
2025-04-14,000300.SH,3759.1422,3772.0407,3776.6344,3754.033,3750.5167,8.6255,0.23,164462403.0,292571297.039,20250414.0,20250414
2025-04-15,000300.SH,3761.2348,3756.4788,3764.486,3737.8495,3759.1422,2.0926,0.0557,134006040.0,228604621.376,20250415.0,20250415
2025-04-16,000300.SH,3772.8204,3757.8757,3775.1661,3721.6025,3761.2348,11.5856,0.308,156359006.0,261711094.769,20250416.0,20250416
2025-04-17,000300.SH,3772.2221,3755.0862,3779.1253,3749.504,3772.8204,-0.5983,-0.0159,122371002.0,209012323.066,20250417.0,20250417
2025-04-18,000300.SH,3772.523,3760.0425,3782.0443,3754.4072,3772.2221,0.3009,0.008,102948509.0,173109384.097,20250418.0,20250418
2025-04-21,000300.SH,3784.8806,3768.1421,3790.1782,3763.1383,3772.523,12.3576,0.3276,121355730.0,208085677.382,20250421.0,20250421
2025-04-22,000300.SH,3783.9522,3780.1122,3799.2295,3778.0791,3784.8806,-0.9284,-0.0245,125688257.0,210200698.794,20250422.0,20250422
2025-04-23,000300.SH,3786.8824,3803.4295,3807.9536,3780.5183,3783.9522,2.9302,0.0774,131986870.0,247117386.122,20250423.0,20250423
2025-04-24,000300.SH,3784.3574,3787.459,3807.2599,3775.207,3786.8824,-2.525,-0.0667,117164560.0,205483051.375,20250424.0,20250424
2025-04-25,000300.SH,3786.9937,3792.0838,3801.5765,3780.7772,3784.3574,2.6363,0.0697,124591133.0,220535052.619,20250425.0,20250425
2025-04-28,000300.SH,3781.6188,3786.3867,3792.0082,3772.8029,3786.9937,-5.3749,-0.1419,125145091.0,210635318.523,20250428.0,20250428
2025-04-29,000300.SH,3775.0767,3776.0025,3785.3157,3768.0311,3781.6188,-6.5421,-0.173,111514694.0,197462744.363,20250429.0,20250429
2025-04-30,000300.SH,3770.5705,3775.8306,3787.5639,3768.7573,3775.0767,-4.5062,-0.1194,143681658.0,244820462.218,20250430.0,20250430
2025-05-06,000300.SH,3808.5424,3794.3757,3809.0939,3782.777,3770.5705,37.9719,1.0071,158520459.0,267937090.757,20250506.0,20250506
2025-05-07,000300.SH,3831.627,3861.5767,3863.6776,3814.9868,3808.5424,23.0846,0.6061,161172299.0,286010735.453,20250507.0,20250507
2025-05-08,000300.SH,3852.8963,3820.5481,3867.3313,3816.2642,3831.627,21.2693,0.5551,124959833.0,246987280.588,20250508.0,20250508
2025-05-09,000300.SH,3846.1566,3848.6187,3853.6632,3836.5349,3852.8963,-6.7397,-0.1749,119389526.0,216697939.672,20250509.0,20250509
2025-05-12,000300.SH,3890.6096,3866.5305,3890.7342,3859.0346,3846.1566,44.453,1.1558,153332460.0,296122947.808,20250512.0,20250512
2025-05-13,000300.SH,3896.2583,3915.5924,3915.5924,3890.6855,3890.6096,5.6487,0.1452,147320299.0,267586397.72,20250513.0,20250513
2025-05-14,000300.SH,3943.2108,3894.8386,3960.5228,3890.6504,3896.2583,46.9525,1.2051,172033779.0,319465226.851,20250514.0,20250514
2025-05-15,000300.SH,3907.1992,3934.0273,3936.4653,3904.9068,3943.2108,-36.0116,-0.9133,138081749.0,241464943.554,20250515.0,20250515
2025-05-16,000300.SH,3889.0854,3898.6662,3903.8528,3874.8619,3907.1992,-18.1138,-0.4636,118405345.0,208835664.039,20250516.0,20250516
2025-05-19,000300.SH,3877.1453,3882.5677,3885.5889,3866.5695,3889.0854,-11.9401,-0.307,98643414.0,184888170.554,20250519.0,20250519
2025-05-20,000300.SH,3898.1705,3883.1024,3911.4737,3881.7436,3877.1453,21.0252,0.5423,104885234.0,201636702.522,20250520.0,20250520
2025-05-21,000300.SH,3916.3807,3899.4365,3928.6339,3899.4365,3898.1705,18.2102,0.4671,109791343.0,217037739.435,20250521.0,20250521
2025-05-22,000300.SH,3913.8651,3912.6007,3923.0195,3903.0898,3916.3807,-2.5156,-0.0642,107597052.0,197511410.271,20250522.0,20250522
2025-05-23,000300.SH,3882.2741,3910.3739,3931.5514,3882.2741,3913.8651,-31.591,-0.8072,120277419.0,232945378.295,20250523.0,20250523
2025-05-26,000300.SH,3860.1067,3875.7891,3884.537,3849.0384,3882.2741,-22.1674,-0.571,109601207.0,208876792.149,20250526.0,20250526
2025-05-27,000300.SH,3839.3969,3857.6271,3865.4291,3834.8455,3860.1067,-20.7098,-0.5365,98572425.0,178466763.541,20250527.0,20250527
2025-05-28,000300.SH,3836.2366,3843.0747,3849.736,3833.9582,3839.3969,-3.1603,-0.0823,89031026.0,162496372.728,20250528.0,20250528
2025-05-29,000300.SH,3858.6998,3838.0092,3869.7909,3831.4577,3836.2366,22.4632,0.5856,108471886.0,209459602.501,20250529.0,20250529
2025-05-30,000300.SH,3840.2323,3850.493,3858.6128,3829.2542,3858.6998,-18.4675,-0.4786,111672228.0,199389751.071,20250530.0,20250530
2025-06-03,000300.SH,3852.0127,3833.4584,3863.2952,3832.7202,3840.2323,11.7804,0.3068,131403090.0,226782772.063,20250603.0,20250603
2025-06-04,000300.SH,3868.7429,3855.4878,3875.8569,3855.4878,3852.0127,16.7302,0.4343,116803873.0,211736178.154,20250604.0,20250604
2025-06-05,000300.SH,3877.5557,3872.6373,3883.1345,3861.272,3868.7429,8.8128,0.2278,122878184.0,231749275.335,20250605.0,20250605
2025-06-06,000300.SH,3873.9841,3878.1027,3889.4557,3869.3871,3877.5557,-3.5716,-0.0921,110987971.0,202034736.311,20250606.0,20250606
2025-06-09,000300.SH,3885.2459,3877.7977,3894.6517,3871.9917,3873.9841,11.2618,0.2907,136306293.0,262023668.466,20250609.0,20250609
2025-06-10,000300.SH,3865.4652,3887.5512,3897.4573,3850.4663,3885.2459,-19.7807,-0.5091,145563859.0,263647551.795,20250610.0,20250610
2025-06-11,000300.SH,3894.6252,3870.6719,3911.6107,3870.6719,3865.4652,29.16,0.7544,142414772.0,257217704.405,20250611.0,20250611
2025-06-12,000300.SH,3892.1992,3885.5196,3900.0408,3870.3838,3894.6252,-2.426,-0.0623,133998697.0,260239581.458,20250612.0,20250612
2025-06-13,000300.SH,3864.1822,3881.4923,3889.1602,3853.8186,3892.1992,-28.017,-0.7198,172539536.0,309172346.18,20250613.0,20250613
2025-06-16,000300.SH,3873.7951,3853.6193,3876.1704,3853.6193,3864.1822,9.6129,0.2488,137341835.0,246860982.863,20250616.0,20250616
2025-06-17,000300.SH,3870.3786,3875.1768,3880.4156,3860.409,3873.7951,-3.4165,-0.0882,122342526.0,220399818.949,20250617.0,20250617
2025-06-18,000300.SH,3874.9708,3871.6502,3881.346,3854.6575,3870.3786,4.5922,0.1186,127528621.0,230553858.264,20250618.0,20250618
2025-06-19,000300.SH,3843.0912,3870.049,3872.9425,3834.9512,3874.9708,-31.8796,-0.8227,130280658.0,234840180.806,20250619.0,20250619
2025-06-20,000300.SH,3846.6443,3839.7833,3856.4799,3839.7833,3843.0912,3.5531,0.0925,118151020.0,213522822.875,20250620.0,20250620
2025-06-23,000300.SH,3857.9016,3831.1703,3867.5896,3827.0829,3846.6443,11.2573,0.2927,133800892.0,232482215.85,20250623.0,20250623
2025-06-24,000300.SH,3904.0342,3862.3876,3914.1579,3862.3876,3857.9016,46.1326,1.1958,163656188.0,294228720.613,20250624.0,20250624
2025-06-25,000300.SH,3960.0662,3907.0682,3963.0371,3902.1771,3904.0342,56.032,1.4352,187213671.0,361727254.624,20250625.0,20250625
2025-06-26,000300.SH,3946.0195,3953.1603,3964.482,3945.2589,3960.0662,-14.0467,-0.3547,165316263.0,328102847.496,20250626.0,20250626
2025-06-27,000300.SH,3921.7578,3949.7879,3969.2626,3918.2041,3946.0195,-24.2617,-0.6148,194557913.0,343468229.814,20250627.0,20250627
2025-06-30,000300.SH,3936.0791,3920.3149,3940.3611,3911.6044,3921.7578,14.3213,0.3652,145170236.0,288821434.921,20250630.0,20250630
2025-07-01,000300.SH,3942.762,3935.9078,3946.2451,3924.7219,3936.0791,6.6829,0.1698,128959362.0,236070338.399,20250701.0,20250701
2025-07-02,000300.SH,3943.6849,3943.3232,3952.1378,3929.6956,3942.762,0.9229,0.0234,147063062.0,246637847.454,20250702.0,20250702
2025-07-03,000300.SH,3968.0676,3949.3998,3971.616,3945.138,3943.6849,24.3827,0.6183,141004006.0,269609569.539,20250703.0,20250703
2025-07-04,000300.SH,3982.2034,3967.4637,4013.8478,3958.3762,3968.0676,14.1358,0.3562,157197133.0,290512992.198,20250704.0,20250704
2025-07-07,000300.SH,3965.1746,3977.2881,3979.7481,3956.5663,3982.2034,-17.0288,-0.4276,131135273.0,225106992.876,20250707.0,20250707
2025-07-08,000300.SH,3998.4527,3965.426,4002.269,3965.426,3965.1746,33.2781,0.8393,156402895.0,292089834.224,20250708.0,20250708
2025-07-09,000300.SH,3991.4006,3997.5044,4016.7434,3987.4267,3998.4527,-7.0521,-0.1764,173293796.0,305398796.563,20250709.0,20250709
2025-07-10,000300.SH,4010.0243,3993.4196,4032.9829,3992.5242,3991.4006,18.6237,0.4666,209778904.0,347836703.626,20250710.0,20250710
2025-07-11,000300.SH,4014.807,4011.4652,4065.9419,4010.1052,4010.0243,4.7827,0.1193,262052773.0,443780794.88,20250711.0,20250711
2025-07-14,000300.SH,4017.6678,4021.2135,4034.9198,4017.6678,4014.807,2.8608,0.0713,207917175.0,321415945.157,20250714.0,20250714
2025-07-15,000300.SH,4019.0644,4023.9896,4042.6574,3994.2628,4017.6678,1.3966,0.0348,191042931.0,353524574.441,20250715.0,20250715
2025-07-16,000300.SH,4007.2019,4019.3925,4027.8567,3993.9209,4019.0644,-11.8625,-0.2952,151027308.0,300656795.665,20250716.0,20250716
2025-07-17,000300.SH,4034.491,4005.067,4034.5935,4005.067,4007.2019,27.2891,0.681,161249041.0,325516865.723,20250717.0,20250717
2025-07-18,000300.SH,4058.5486,4039.8712,4064.6378,4039.3181,4034.491,24.0576,0.5963,186211063.0,354244444.63,20250718.0,20250718
2025-07-21,000300.SH,4085.6072,4069.7685,4086.1171,4063.4427,4058.5486,27.0586,0.6667,223268476.0,377938564.878,20250721.0,20250721
2025-07-22,000300.SH,4118.9582,4087.3354,4119.2021,4068.3383,4085.6072,33.351,0.8163,257596985.0,450874014.479,20250722.0,20250722
2025-07-23,000300.SH,4119.7685,4129.1476,4155.6783,4113.9085,4118.9582,0.8103,0.0197,300506154.0,470330899.421,20250723.0,20250723
2025-07-24,000300.SH,4149.0368,4116.8312,4152.4265,4111.8849,4119.7685,29.2683,0.7104,319632392.0,487000043.884,20250724.0,20250724
2025-07-25,000300.SH,4127.1634,4145.3195,4150.4994,4117.8005,4149.0368,-21.8734,-0.5272,273594963.0,430445513.471,20250725.0,20250725
2025-07-28,000300.SH,4135.8242,4128.1993,4146.12,4112.9677,4127.1634,8.6608,0.2098,222759815.0,406792873.973,20250728.0,20250728
2025-07-29,000300.SH,4152.0247,4132.6833,4153.3307,4117.5772,4135.8242,16.2005,0.3917,230807880.0,428764310.974,20250729.0,20250729
2025-07-30,000300.SH,4151.2379,4148.9405,4185.2064,4127.4301,4152.0247,-0.7868,-0.0189,249853048.0,445168467.668,20250730.0,20250730
2025-07-31,000300.SH,4075.5912,4141.5612,4141.8243,4063.6662,4151.2379,-75.6467,-1.8223,267087406.0,492142571.739,20250731.0,20250731
2025-08-01,000300.SH,4054.9286,4069.9254,4085.3543,4040.462,4075.5912,-20.6626,-0.507,196221826.0,359685164.163,20250801.0,20250801
2025-08-04,000300.SH,4070.7023,4037.9378,4070.7023,4037.9378,4054.9286,15.7737,0.389,162275902.0,295976826.632,20250804.0,20250804
2025-08-05,000300.SH,4103.45,4080.3877,4106.2969,4075.5836,4070.7023,32.7477,0.8045,178851999.0,306934255.766,20250805.0,20250805
2025-08-06,000300.SH,4113.4852,4100.4283,4116.7085,4098.3544,4103.45,10.0352,0.2446,176676155.0,307674626.125,20250806.0,20250806
2025-08-07,000300.SH,4114.666,4120.2822,4129.7382,4094.8214,4113.4852,1.1808,0.0287,198641902.0,358108366.984,20250807.0,20250807
2025-08-08,000300.SH,4104.9669,4109.2734,4122.2104,4097.4157,4114.666,-9.6991,-0.2357,173171201.0,308507687.635,20250808.0,20250808
2025-08-11,000300.SH,4122.5106,4110.2939,4134.2462,4103.605,4104.9669,17.5437,0.4274,190443716.0,360685826.235,20250811.0,20250811
2025-08-12,000300.SH,4143.8252,4123.5762,4153.2948,4121.2243,4122.5106,21.3146,0.517,177287823.0,383088423.33,20250812.0,20250812
2025-08-13,000300.SH,4176.5776,4150.5037,4186.748,4147.1991,4143.8252,32.7524,0.7904,213934999.0,462776745.465,20250813.0,20250813
2025-08-14,000300.SH,4173.3131,4179.965,4220.3109,4165.9376,4176.5776,-3.2645,-0.0782,221103595.0,485075642.622,20250814.0,20250814
2025-08-15,000300.SH,4202.3533,4162.4205,4214.7291,4157.495,4173.3131,29.0402,0.6959,261327566.0,518686873.501,20250815.0,20250815
2025-08-18,000300.SH,4239.4125,4218.2471,4272.9602,4203.4191,4202.3533,37.0592,0.8819,301479102.0,635365867.185,20250818.0,20250818
2025-08-19,000300.SH,4223.3741,4241.7651,4264.2303,4215.2075,4239.4125,-16.0384,-0.3783,250818771.0,553536203.26,20250819.0,20250819
2025-08-20,000300.SH,4271.3958,4208.4005,4272.1463,4190.5559,4223.3741,48.0217,1.137,246481773.0,538815306.147,20250820.0,20250820
2025-08-21,000300.SH,4288.0707,4284.3712,4308.4472,4273.6523,4271.3958,16.6749,0.3904,259030014.0,558521268.967,20250821.0,20250821
2025-08-22,000300.SH,4377.9977,4287.3633,4378.3881,4287.3633,4288.0707,89.927,2.0971,290434897.0,675935075.409,20250822.0,20250822
2025-08-25,000300.SH,4469.2217,4416.2924,4472.6525,4404.7761,4377.9977,91.224,2.0837,358090006.0,823681964.473,20250825.0,20250825
2025-08-26,000300.SH,4452.5905,4453.3526,4476.803,4435.5275,4469.2217,-16.6312,-0.3721,270621395.0,627950450.229,20250826.0,20250826
2025-08-27,000300.SH,4386.1266,4458.8399,4494.9126,4386.1266,4452.5905,-66.4639,-1.4927,333133898.0,785098482.974,20250827.0,20250827
2025-08-28,000300.SH,4463.782,4378.0351,4464.8028,4364.171,4386.1266,77.6554,1.7705,296834536.0,739423602.221,20250828.0,20250828
2025-08-29,000300.SH,4496.7591,4455.8034,4516.8395,4452.3632,4463.782,32.9771,0.7388,351938947.0,831194066.158,20250829.0,20250829
2025-09-01,000300.SH,4523.7111,4516.8787,4528.1342,4487.5304,4496.7591,26.952,0.5994,320366708.0,770378288.127,20250901.0,20250901
2025-09-02,000300.SH,4490.4528,4521.9828,4548.8937,4454.4169,4523.7111,-33.2583,-0.7352,303932566.0,777999297.964,20250902.0,20250902
2025-09-03,000300.SH,4459.8296,4501.3388,4510.7303,4427.5176,4490.4528,-30.6232,-0.682,254320217.0,655697116.709,20250903.0,20250903
2025-09-04,000300.SH,4365.2085,4461.2503,4465.4967,4327.5068,4459.8296,-94.6211,-2.1216,307934609.0,773124596.998,20250904.0,20250904
2025-09-05,000300.SH,4460.3249,4365.6083,4466.5603,4350.2974,4365.2085,95.1164,2.179,249625657.0,664166970.947,20250905.0,20250905
2025-09-08,000300.SH,4467.5733,4467.1693,4482.763,4438.0698,4460.3249,7.2484,0.1625,267638382.0,683630879.769,20250908.0,20250908
2025-09-09,000300.SH,4436.2584,4448.739,4472.093,4412.6914,4467.5733,-31.3149,-0.7009,221375460.0,562861103.958,20250909.0,20250909
2025-09-10,000300.SH,4445.3649,4438.2998,4466.6325,4414.5937,4436.2584,9.1065,0.2053,203597646.0,535539349.489,20250910.0,20250910
2025-09-11,000300.SH,4548.0345,4438.839,4548.0345,4427.9242,4445.3649,102.6696,2.3096,253264051.0,693156671.398,20250911.0,20250911
2025-09-12,000300.SH,4521.998,4544.5905,4564.6665,4517.7897,4548.0345,-26.0365,-0.5725,266442003.0,689576075.7,20250912.0,20250912
2025-09-15,000300.SH,4533.0557,4534.8866,4566.9053,4522.4958,4521.998,11.0577,0.2445,231885678.0,613314652.4,20250915.0,20250915
2025-09-16,000300.SH,4523.3367,4539.9217,4552.419,4494.7875,4533.0557,-9.719,-0.2144,249269206.0,613728334.806,20250916.0,20250916
2025-09-17,000300.SH,4551.023,4517.2855,4556.0296,4503.7959,4523.3367,27.6863,0.6121,235716472.0,608454200.521,20250917.0,20250917
2025-09-18,000300.SH,4498.109,4546.0319,4573.8331,4454.9886,4551.023,-52.914,-1.1627,309859826.0,839987127.411,20250918.0,20250918
2025-09-19,000300.SH,4501.9195,4499.0906,4533.0919,4491.8437,4498.109,3.8105,0.0847,225044000.0,603887059.817,20250919.0,20250919
2025-09-22,000300.SH,4522.608,4512.0251,4523.8695,4487.1299,4501.9195,20.6885,0.4595,196459956.0,563149164.266,20250922.0,20250922
2025-09-23,000300.SH,4519.7781,4536.7569,4560.7319,4459.7281,4522.608,-2.8299,-0.0626,252827062.0,680513630.7,20250923.0,20250923
2025-09-24,000300.SH,4566.0708,4495.2659,4567.4948,4494.1133,4519.7781,46.2927,1.0242,220482608.0,629161495.484,20250924.0,20250924
2025-09-25,000300.SH,4593.4875,4563.9827,4613.9486,4558.8424,4566.0708,27.4167,0.6004,229823333.0,669866986.619,20250925.0,20250925
2025-09-26,000300.SH,4550.0487,4576.9142,4597.8472,4550.0487,4593.4875,-43.4388,-0.9457,208482114.0,598723903.174,20250926.0,20250926
2025-09-29,000300.SH,4620.0528,4555.0342,4647.5691,4541.4252,4550.0487,70.0041,1.5385,274358877.0,693395231.241,20250929.0,20250929
2025-09-30,000300.SH,4640.6935,4629.8987,4647.5031,4616.2243,4620.0528,20.6407,0.4468,247980359.0,664624101.862,20250930.0,20250930
2025-10-09,000300.SH,4709.482,4662.1133,4726.3449,4651.9895,4640.6935,68.7885,1.4823,347678696.0,862208005.908,20251009.0,20251009
2025-10-10,000300.SH,4616.8341,4679.4983,4692.5858,4600.9646,4709.482,-92.6479,-1.9673,319020899.0,792743047.251,20251010.0,20251010
2025-10-13,000300.SH,4593.9785,4490.8661,4601.8072,4490.8661,4616.8341,-22.8556,-0.495,315010354.0,714001634.395,20251013.0,20251013
2025-10-14,000300.SH,4539.0644,4634.0543,4641.4492,4520.9258,4593.9785,-54.9141,-1.1953,372954030.0,808959003.201,20251014.0,20251014
2025-10-15,000300.SH,4606.2879,4544.2431,4608.8239,4526.834,4539.0644,67.2235,1.481,284771855.0,607326345.326,20251015.0,20251015
2025-10-16,000300.SH,4618.4218,4588.9206,4645.0959,4586.2801,4606.2879,12.1339,0.2634,248235518.0,560567191.741,20251016.0,20251016
2025-10-17,000300.SH,4514.2345,4610.6967,4618.5621,4509.3289,4618.4218,-104.1873,-2.2559,256905617.0,559085965.219,20251017.0,20251017
2025-10-20,000300.SH,4538.2201,4558.2421,4570.4376,4520.5024,4514.2345,23.9856,0.5313,218420405.0,505798833.703,20251020.0,20251020
2025-10-21,000300.SH,4607.8715,4556.1224,4615.463,4547.9283,4538.2201,69.6514,1.5348,215711175.0,551390253.216,20251021.0,20251021
2025-10-22,000300.SH,4592.57,4576.0277,4603.4884,4567.2361,4607.8715,-15.3015,-0.3321,185333960.0,440935302.747,20251022.0,20251022
2025-10-23,000300.SH,4606.3447,4578.7018,4611.3409,4541.6944,4592.57,13.7747,0.2999,200463917.0,420800208.776,20251023.0,20251023
2025-10-24,000300.SH,4660.6835,4622.7873,4660.6835,4622.7873,4606.3447,54.3388,1.1797,208814483.0,551986648.561,20251024.0,20251024
2025-10-27,000300.SH,4716.0186,4699.3819,4720.4288,4687.6876,4660.6835,55.3351,1.1873,262200674.0,672670372.523,20251027.0,20251027
2025-10-28,000300.SH,4691.973,4697.7277,4734.3218,4679.2288,4716.0186,-24.0456,-0.5099,220906645.0,571563257.096,20251028.0,20251028
2025-10-29,000300.SH,4747.8378,4701.0362,4747.8378,4697.268,4691.973,55.8648,1.1906,246211324.0,645898688.765,20251029.0,20251029
2025-10-30,000300.SH,4709.911,4735.9807,4761.8339,4706.452,4747.8378,-37.9268,-0.7988,273289118.0,719956285.438,20251030.0,20251030
2025-10-31,000300.SH,4640.6676,4702.4946,4706.1395,4640.6676,4709.911,-69.2434,-1.4702,281464740.0,680712251.493,20251031.0,20251031
2025-11-03,000300.SH,4653.4028,4636.7323,4653.4028,4595.7339,4640.6676,12.7352,0.2744,239869809.0,557602941.096,20251103.0,20251103
2025-11-04,000300.SH,4618.699,4649.3481,4665.323,4595.066,4653.4028,-34.7038,-0.7458,233224032.0,505177700.977,20251104.0,20251104
2025-11-05,000300.SH,4627.257,4562.1117,4642.6101,4558.7647,4618.699,8.558,0.1853,203045871.0,468361161.389,20251105.0,20251105
2025-11-06,000300.SH,4693.4032,4642.0112,4698.0935,4642.0112,4627.257,66.1462,1.4295,224241008.0,553641780.921,20251106.0,20251106
2025-11-07,000300.SH,4678.7944,4673.7616,4701.3743,4666.0405,4693.4032,-14.6088,-0.3113,212497377.0,507573849.5,20251107.0,20251107
2025-11-10,000300.SH,4695.0507,4688.124,4695.1794,4654.2103,4678.7944,16.2563,0.3474,236026764.0,593977127.605,20251110.0,20251110
2025-11-11,000300.SH,4652.1655,4706.3374,4707.1275,4648.4896,4695.0507,-42.8852,-0.9134,186638858.0,477629076.357,20251111.0,20251111
2025-11-12,000300.SH,4645.9079,4643.5592,4669.6073,4620.9897,4652.1655,-6.2576,-0.1345,209460592.0,492308866.409,20251112.0,20251112
2025-11-13,000300.SH,4702.0738,4643.7862,4703.4897,4643.7862,4645.9079,56.1659,1.2089,207367474.0,510060678.21,20251113.0,20251113
2025-11-14,000300.SH,4628.1398,4663.3175,4684.2578,4628.0242,4702.0738,-73.934,-1.5724,192092676.0,444720433.579,20251114.0,20251114
2025-11-17,000300.SH,4598.0525,4616.8058,4624.8976,4580.2613,4628.1398,-30.0873,-0.6501,188955466.0,438940097.528,20251117.0,20251117
2025-11-18,000300.SH,4568.1928,4584.7896,4606.6167,4552.8038,4598.0525,-29.8597,-0.6494,177713185.0,420150126.547,20251118.0,20251118
2025-11-19,000300.SH,4588.2922,4568.0365,4607.8627,4568.0365,4568.1928,20.0994,0.44,172924974.0,385230481.97,20251119.0,20251119
2025-11-20,000300.SH,4564.9483,4619.5401,4620.6529,4560.1814,4588.2922,-23.3439,-0.5088,194562593.0,415064817.73,20251120.0,20251120
2025-11-21,000300.SH,4453.6076,4513.3858,4527.0436,4453.1819,4564.9483,-111.3407,-2.439,222851013.0,481295814.463,20251121.0,20251121
2025-11-24,000300.SH,4448.0478,4473.1563,4478.8081,4421.8123,4453.6076,-5.5598,-0.1248,185833729.0,425807469.5,20251124.0,20251124
2025-11-25,000300.SH,4490.4047,4475.8359,4510.7729,4467.3529,4448.0478,42.3569,0.9523,169571929.0,411523796.962,20251125.0,20251125
2025-11-26,000300.SH,4517.6255,4490.2021,4538.1361,4485.6984,4490.4047,27.2208,0.6062,156200368.0,427361377.738,20251126.0,20251126
2025-11-27,000300.SH,4515.4027,4520.014,4559.2183,4509.8635,4517.6255,-2.2228,-0.0492,150311772.0,417789843.568,20251127.0,20251127
2025-11-28,000300.SH,4526.6616,4511.4972,4531.7219,4492.4256,4515.4027,11.2589,0.2493,142902096.0,341832317.979,20251128.0,20251128
2025-12-01,000300.SH,4576.4856,4539.1877,4576.9654,4531.2917,4526.6616,49.824,1.1007,200382317.0,463861587.251,20251201.0,20251201
2025-12-02,000300.SH,4554.3347,4571.9098,4575.4945,4539.4312,4576.4856,-22.1509,-0.484,148493132.0,364366426.478,20251202.0,20251202
2025-12-03,000300.SH,4531.0486,4554.5894,4569.821,4523.5017,4554.3347,-23.2861,-0.5113,169762790.0,374486168.903,20251203.0,20251203
2025-12-04,000300.SH,4546.5664,4533.6004,4557.4228,4514.1878,4531.0486,15.5178,0.3425,147198110.0,348767399.212,20251204.0,20251204
2025-12-05,000300.SH,4584.5368,4547.9056,4593.8279,4535.0195,4546.5664,37.9704,0.8351,196799968.0,412146806.538,20251205.0,20251205
2025-12-08,000300.SH,4621.7545,4593.1399,4640.6256,4592.7414,4584.5368,37.2177,0.8118,199620990.0,496716196.112,,20251208
2025-12-09,000300.SH,4598.2232,4611.379,4628.7049,4584.254,4621.7545,-23.5313,-0.5091,184160344.0,452113884.581,,20251209
