date,ts_code,pre_close,open,high,low,close,change,p_change,volume,amount,date.2,date.1,date
2022-12-12,510300.SH,4.058,4.045,4.045,4.012,4.016,-0.042,-1.035,4668575.24,1880206.885,20221212.0,,20221212
2022-12-13,510300.SH,4.016,4.018,4.028,4.0,4.005,-0.011,-0.2739,3636743.33,1459236.5,20221213.0,,20221213
2022-12-14,510300.SH,4.005,4.01,4.033,3.995,4.015,0.01,0.2497,6219073.53,2495651.006,20221214.0,,20221214
2022-12-15,510300.SH,4.015,4.016,4.025,3.988,4.013,-0.002,-0.0498,5307512.98,2126027.806,20221215.0,,20221215
2022-12-16,510300.SH,4.013,4.011,4.026,3.992,4.017,0.004,0.0997,9083686.92,3639862.008,20221216.0,,20221216
2022-12-19,510300.SH,4.017,4.022,4.033,3.942,3.959,-0.058,-1.4439,7451964.91,2965759.177,20221219.0,,20221219
2022-12-20,510300.SH,3.959,3.945,3.948,3.873,3.896,-0.063,-1.5913,8155654.96,3188456.65,20221220.0,,20221220
2022-12-21,510300.SH,3.896,3.901,3.911,3.882,3.893,-0.003,-0.077,5230558.0,2038360.701,20221221.0,,20221221
2022-12-22,510300.SH,3.893,3.916,3.944,3.881,3.901,0.008,0.2055,6878209.77,2690306.339,20221222.0,,20221222
2022-12-23,510300.SH,3.901,3.884,3.912,3.872,3.891,-0.01,-0.2563,10847910.27,4222061.974,20221223.0,,20221223
2022-12-26,510300.SH,3.891,3.89,3.92,3.888,3.9,0.009,0.2313,6511936.84,2542745.278,20221226.0,,20221226
2022-12-27,510300.SH,3.9,3.94,3.953,3.919,3.947,0.047,1.2051,5820487.97,2292894.562,20221227.0,,20221227
2022-12-28,510300.SH,3.947,3.939,3.945,3.917,3.934,-0.013,-0.3294,6492689.83,2553573.421,20221228.0,,20221228
2022-12-29,510300.SH,3.934,3.919,3.933,3.896,3.922,-0.012,-0.305,7212710.03,2825957.366,20221229.0,,20221229
2022-12-30,510300.SH,3.922,3.937,3.951,3.934,3.938,0.016,0.408,6302285.76,2485143.924,20221230.0,,20221230
2023-01-03,510300.SH,3.938,3.937,3.961,3.89,3.949,0.011,0.2793,6563107.82,2576087.718,20230103.0,,20230103
2023-01-04,510300.SH,3.949,3.948,3.965,3.931,3.954,0.005,0.1266,9807997.21,3874438.389,20230104.0,,20230104
2023-01-05,510300.SH,3.954,3.975,4.035,3.972,4.029,0.075,1.8968,7745022.93,3108571.448,20230105.0,,20230105
2023-01-06,510300.SH,4.029,4.03,4.062,4.026,4.045,0.016,0.3971,5410808.25,2187353.311,20230106.0,,20230106
2023-01-09,510300.SH,4.045,4.065,4.086,4.052,4.07,0.025,0.618,7809599.41,3178181.433,20230109.0,,20230109
2023-01-10,510300.SH,4.07,4.068,4.092,4.062,4.076,0.006,0.1474,7442622.24,3033001.135,20230110.0,,20230110
2023-01-11,510300.SH,4.076,4.077,4.105,4.069,4.076,0.0,0.0,5715114.39,2334923.33,20230111.0,,20230111
2023-01-12,510300.SH,4.076,4.083,4.095,4.068,4.082,0.006,0.1472,3255872.08,1328948.654,20230112.0,,20230112
2023-01-13,510300.SH,4.082,4.089,4.148,4.089,4.144,0.062,1.5189,6559089.97,2702284.069,20230113.0,,20230113
2023-01-16,510300.SH,4.08,4.085,4.184,4.083,4.143,0.063,1.5441,17163759.27,7109168.359,20230116.0,,20230116
2023-01-17,510300.SH,4.143,4.143,4.152,4.122,4.139,-0.004,-0.0965,6015131.27,2488168.863,20230117.0,,20230117
2023-01-18,510300.SH,4.139,4.146,4.152,4.126,4.13,-0.009,-0.2174,4456900.58,1843406.132,20230118.0,,20230118
2023-01-19,510300.SH,4.13,4.121,4.16,4.103,4.158,0.028,0.678,6074324.04,2513066.753,20230119.0,,20230119
2023-01-20,510300.SH,4.158,4.173,4.194,4.165,4.181,0.023,0.5532,5700821.96,2382114.372,20230120.0,,20230120
2023-01-30,510300.SH,4.181,4.26,4.267,4.198,4.205,0.024,0.574,8013470.8,3386449.597,20230130.0,,20230130
2023-01-31,510300.SH,4.205,4.208,4.217,4.152,4.159,-0.046,-1.0939,11392222.31,4761842.944,20230131.0,,20230131
2023-02-01,510300.SH,4.159,4.164,4.192,4.133,4.19,0.031,0.7454,7156519.62,2981748.341,20230201.0,,20230201
2023-02-02,510300.SH,4.19,4.202,4.205,4.163,4.18,-0.01,-0.2387,10018528.33,4188623.374,20230202.0,,20230202
2023-02-03,510300.SH,4.18,4.154,4.157,4.101,4.137,-0.043,-1.0287,9600521.04,3961301.299,20230203.0,,20230203
2023-02-06,510300.SH,4.137,4.103,4.104,4.058,4.08,-0.057,-1.3778,7314597.03,2982940.562,20230206.0,,20230206
2023-02-07,510300.SH,4.08,4.086,4.101,4.07,4.09,0.01,0.2451,5539881.04,2263547.38,20230207.0,,20230207
2023-02-08,510300.SH,4.09,4.092,4.109,4.065,4.073,-0.017,-0.4156,4628713.01,1889787.994,20230208.0,,20230208
2023-02-09,510300.SH,4.073,4.067,4.131,4.063,4.127,0.054,1.3258,5958885.82,2450554.135,20230209.0,,20230209
2023-02-10,510300.SH,4.127,4.128,4.128,4.086,4.103,-0.024,-0.5815,5205224.36,2135893.097,20230210.0,,20230210
2023-02-13,510300.SH,4.103,4.09,4.141,4.083,4.135,0.032,0.7799,8280101.37,3415190.764,20230213.0,,20230213
2023-02-14,510300.SH,4.135,4.141,4.147,4.119,4.144,0.009,0.2177,3326323.66,1374345.788,20230214.0,,20230214
2023-02-15,510300.SH,4.144,4.141,4.154,4.108,4.116,-0.028,-0.6757,6455067.58,2658512.888,20230215.0,,20230215
2023-02-16,510300.SH,4.116,4.12,4.168,4.062,4.087,-0.029,-0.7046,7925100.51,3275079.466,20230216.0,,20230216
2023-02-17,510300.SH,4.087,4.085,4.101,4.025,4.029,-0.058,-1.4191,7433949.22,3025278.809,20230217.0,,20230217
2023-02-20,510300.SH,4.029,4.034,4.137,4.028,4.134,0.105,2.6061,10495254.86,4282521.265,20230220.0,,20230220
2023-02-21,510300.SH,4.134,4.134,4.15,4.114,4.139,0.005,0.1209,5609024.94,2318009.475,20230221.0,,20230221
2023-02-22,510300.SH,4.139,4.123,4.134,4.092,4.099,-0.04,-0.9664,4529454.39,1861371.777,20230222.0,,20230222
2023-02-23,510300.SH,4.099,4.103,4.125,4.081,4.099,0.0,0.0,4655595.33,1908740.957,20230223.0,,20230223
2023-02-24,510300.SH,4.099,4.098,4.098,4.04,4.06,-0.039,-0.9515,8087761.54,3282777.177,20230224.0,,20230224
2023-02-27,510300.SH,4.06,4.04,4.063,4.028,4.045,-0.015,-0.3695,4569575.03,1848791.379,20230227.0,,20230227
2023-02-28,510300.SH,4.045,4.057,4.076,4.02,4.071,0.026,0.6428,4845454.31,1963458.643,20230228.0,,20230228
2023-03-01,510300.SH,4.071,4.067,4.136,4.06,4.12,0.049,1.2036,11804809.52,4856375.177,20230301.0,,20230301
2023-03-02,510300.SH,4.12,4.11,4.134,4.107,4.115,-0.005,-0.1214,4391328.6,1808866.225,20230302.0,,20230302
2023-03-03,510300.SH,4.115,4.126,4.136,4.094,4.124,0.009,0.2187,4201757.27,1730990.673,20230303.0,,20230303
2023-03-06,510300.SH,4.124,4.125,4.127,4.08,4.099,-0.025,-0.6062,9293024.52,3808515.076,20230306.0,,20230306
2023-03-07,510300.SH,4.099,4.095,4.118,4.039,4.042,-0.057,-1.3906,6746494.18,2756431.261,20230307.0,,20230307
2023-03-08,510300.SH,4.042,4.03,4.035,4.01,4.026,-0.016,-0.3958,4313153.62,1735039.806,20230308.0,,20230308
2023-03-09,510300.SH,4.026,4.032,4.036,3.992,4.016,-0.01,-0.2484,4079364.91,1639051.249,20230309.0,,20230309
2023-03-10,510300.SH,4.016,3.99,4.004,3.959,3.961,-0.055,-1.3695,4981129.25,1982846.713,20230310.0,,20230310
2023-03-13,510300.SH,3.961,3.961,4.008,3.961,4.005,0.044,1.1108,4674529.24,1865984.62,20230313.0,,20230313
2023-03-14,510300.SH,4.005,4.0,4.0,3.945,3.98,-0.025,-0.6242,4635415.7,1842611.053,20230314.0,,20230314
2023-03-15,510300.SH,3.98,4.006,4.016,3.978,3.979,-0.001,-0.0251,3933010.56,1571377.024,20230315.0,,20230315
2023-03-16,510300.SH,3.979,3.96,3.979,3.93,3.933,-0.046,-1.1561,4331438.17,1713141.943,20230316.0,,20230316
2023-03-17,510300.SH,3.933,3.96,4.004,3.935,3.954,0.021,0.5339,11235011.96,4453754.362,20230317.0,,20230317
2023-03-20,510300.SH,3.954,3.954,3.976,3.926,3.932,-0.022,-0.5564,5709547.57,2258210.593,20230320.0,,20230320
2023-03-21,510300.SH,3.932,3.943,3.979,3.941,3.975,0.043,1.0936,5567436.61,2206195.773,20230321.0,,20230321
2023-03-22,510300.SH,3.975,3.985,4.009,3.979,3.993,0.018,0.4528,5817561.57,2323803.781,20230322.0,,20230322
2023-03-23,510300.SH,3.993,3.98,4.032,3.978,4.031,0.038,0.9517,5344729.29,2143951.55,20230323.0,,20230323
2023-03-24,510300.SH,4.031,4.023,4.034,4.014,4.026,-0.005,-0.124,2548952.54,1025007.603,20230324.0,,20230324
2023-03-27,510300.SH,4.026,4.025,4.025,3.984,4.005,-0.021,-0.5216,4912546.74,1966086.521,20230327.0,,20230327
2023-03-28,510300.SH,4.005,4.006,4.018,3.99,3.997,-0.008,-0.1998,5072061.25,2029086.627,20230328.0,,20230328
2023-03-29,510300.SH,3.997,4.018,4.019,3.991,3.997,0.0,0.0,6163363.08,2467227.537,20230329.0,,20230329
2023-03-30,510300.SH,3.997,3.998,4.041,3.981,4.04,0.043,1.0758,5572069.77,2238129.589,20230330.0,,20230330
2023-03-31,510300.SH,4.04,4.045,4.063,4.039,4.05,0.01,0.2475,6711624.79,2718176.592,20230331.0,,20230331
2023-04-03,510300.SH,4.05,4.05,4.091,4.045,4.08,0.03,0.7407,5513396.98,2243377.317,20230403.0,,20230403
2023-04-04,510300.SH,4.08,4.08,4.102,4.072,4.1,0.02,0.4902,4803087.24,1960368.642,20230404.0,,20230404
2023-04-06,510300.SH,4.1,4.085,4.093,4.073,4.088,-0.012,-0.2927,3782868.41,1544679.079,20230406.0,,20230406
2023-04-07,510300.SH,4.088,4.088,4.129,4.086,4.117,0.029,0.7094,3295856.83,1355999.026,20230407.0,,20230407
2023-04-10,510300.SH,4.117,4.128,4.129,4.098,4.102,-0.015,-0.3643,4743615.79,1948356.331,20230410.0,,20230410
2023-04-11,510300.SH,4.102,4.105,4.112,4.078,4.092,-0.01,-0.2438,5359549.87,2195224.021,20230411.0,,20230411
2023-04-12,510300.SH,4.092,4.093,4.098,4.08,4.088,-0.004,-0.0978,3358336.87,1373120.38,20230412.0,,20230412
2023-04-13,510300.SH,4.088,4.079,4.085,4.057,4.063,-0.025,-0.6115,4021907.38,1635782.613,20230413.0,,20230413
2023-04-14,510300.SH,4.063,4.075,4.094,4.071,4.084,0.021,0.5169,4560326.44,1860596.353,20230414.0,,20230414
2023-04-17,510300.SH,4.084,4.081,4.147,4.08,4.145,0.061,1.4936,6325479.99,2605868.198,20230417.0,,20230417
2023-04-18,510300.SH,4.145,4.144,4.163,4.136,4.152,0.007,0.1689,4160542.95,1726660.643,20230418.0,,20230418
2023-04-19,510300.SH,4.152,4.154,4.154,4.115,4.119,-0.033,-0.7948,4085730.24,1688498.846,20230419.0,,20230419
2023-04-20,510300.SH,4.119,4.118,4.122,4.09,4.103,-0.016,-0.3884,6073086.36,2491260.807,20230420.0,,20230420
2023-04-21,510300.SH,4.103,4.103,4.106,4.024,4.03,-0.073,-1.7792,6836486.27,2776624.903,20230421.0,,20230421
2023-04-24,510300.SH,4.03,4.029,4.032,3.963,3.979,-0.051,-1.2655,5940936.64,2372492.823,20230424.0,,20230424
2023-04-25,510300.SH,3.979,3.98,3.988,3.924,3.96,-0.019,-0.4775,9664267.71,3820424.644,20230425.0,,20230425
2023-04-26,510300.SH,3.96,3.958,3.97,3.934,3.951,-0.009,-0.2273,9034653.26,3570141.037,20230426.0,,20230426
2023-04-27,510300.SH,3.951,3.948,4.0,3.94,3.986,0.035,0.8859,4677696.71,1857891.159,20230427.0,,20230427
2023-04-28,510300.SH,3.986,3.997,4.03,3.991,4.025,0.039,0.9784,4518062.34,1813115.078,20230428.0,,20230428
2023-05-04,510300.SH,4.025,4.013,4.027,3.996,4.025,0.0,0.0,3378611.24,1356998.397,20230504.0,,20230504
2023-05-05,510300.SH,4.025,4.026,4.038,3.989,4.009,-0.016,-0.3975,3379499.05,1355979.468,20230505.0,,20230505
2023-05-08,510300.SH,4.009,4.016,4.064,4.011,4.054,0.045,1.1225,6848151.56,2769137.971,20230508.0,,20230508
2023-05-09,510300.SH,4.054,4.059,4.085,4.019,4.019,-0.035,-0.8633,5668906.88,2299963.548,20230509.0,,20230509
2023-05-10,510300.SH,4.019,4.017,4.019,3.98,3.988,-0.031,-0.7713,9165933.16,3663507.046,20230510.0,,20230510
2023-05-11,510300.SH,3.988,3.998,4.008,3.98,3.983,-0.005,-0.1254,3216150.29,1284651.681,20230511.0,,20230511
2023-05-12,510300.SH,3.983,3.982,3.996,3.93,3.932,-0.051,-1.2804,5187745.22,2053102.56,20230512.0,,20230512
2023-05-15,510300.SH,3.932,3.934,3.996,3.923,3.995,0.063,1.6022,8107573.96,3203031.252,20230515.0,,20230515
2023-05-16,510300.SH,3.995,3.994,4.0,3.962,3.978,-0.017,-0.4255,4068203.1,1620578.488,20230516.0,,20230516
2023-05-17,510300.SH,3.978,3.971,3.982,3.941,3.951,-0.027,-0.6787,6405805.08,2535368.771,20230517.0,,20230517
2023-05-18,510300.SH,3.951,3.958,3.978,3.931,3.95,-0.001,-0.0253,7006002.19,2770097.587,20230518.0,,20230518
2023-05-19,510300.SH,3.95,3.94,3.966,3.922,3.944,-0.006,-0.1519,3417125.85,1347166.083,20230519.0,,20230519
2023-05-22,510300.SH,3.944,3.943,3.985,3.93,3.964,0.02,0.5071,5003757.23,1981482.735,20230522.0,,20230522
2023-05-23,510300.SH,3.964,3.967,3.971,3.906,3.907,-0.057,-1.4379,6117573.37,2405349.012,20230523.0,,20230523
2023-05-24,510300.SH,3.907,3.902,3.903,3.852,3.854,-0.053,-1.3565,7672776.16,2973586.313,20230524.0,,20230524
2023-05-25,510300.SH,3.854,3.848,3.858,3.812,3.845,-0.009,-0.2335,4918567.45,1888723.116,20230525.0,,20230525
2023-05-26,510300.SH,3.845,3.843,3.861,3.813,3.85,0.005,0.13,4462036.6,1713952.91,20230526.0,,20230526
2023-05-29,510300.SH,3.85,3.858,3.87,3.819,3.834,-0.016,-0.4156,4030135.49,1546653.526,20230529.0,,20230529
2023-05-30,510300.SH,3.834,3.826,3.847,3.79,3.838,0.004,0.1043,5720979.44,2186287.405,20230530.0,,20230530
2023-05-31,510300.SH,3.838,3.828,3.828,3.785,3.802,-0.036,-0.938,7338757.12,2792006.056,20230531.0,,20230531
2023-06-01,510300.SH,3.802,3.799,3.84,3.794,3.81,0.008,0.2104,6749756.97,2579669.883,20230601.0,,20230601
2023-06-02,510300.SH,3.81,3.83,3.873,3.83,3.863,0.053,1.3911,6929780.97,2672332.967,20230602.0,,20230602
2023-06-05,510300.SH,3.863,3.857,3.861,3.835,3.845,-0.018,-0.466,3611549.26,1389909.743,20230605.0,,20230605
2023-06-06,510300.SH,3.845,3.846,3.874,3.804,3.808,-0.037,-0.9623,4115697.03,1579493.947,20230606.0,,20230606
2023-06-07,510300.SH,3.808,3.82,3.827,3.783,3.796,-0.012,-0.3151,3721766.73,1416641.429,20230607.0,,20230607
2023-06-08,510300.SH,3.796,3.796,3.843,3.783,3.828,0.032,0.843,3834888.93,1462204.388,20230608.0,,20230608
2023-06-09,510300.SH,3.828,3.829,3.847,3.822,3.844,0.016,0.418,5270688.56,2021624.139,20230609.0,,20230609
2023-06-12,510300.SH,3.844,3.84,3.87,3.825,3.848,0.004,0.1041,4596593.36,1768357.7,20230612.0,,20230612
2023-06-13,510300.SH,3.848,3.84,3.88,3.837,3.877,0.029,0.7536,3503880.28,1353181.342,20230613.0,,20230613
2023-06-14,510300.SH,3.877,3.879,3.904,3.875,3.877,0.0,0.0,4441136.22,1727523.754,20230614.0,,20230614
2023-06-15,510300.SH,3.877,3.886,3.943,3.88,3.942,0.065,1.6766,5084305.49,1990297.387,20230615.0,,20230615
2023-06-16,510300.SH,3.942,3.949,3.988,3.949,3.979,0.037,0.9386,6021488.04,2389873.017,20230616.0,,20230616
2023-06-19,510300.SH,3.979,3.979,3.979,3.944,3.949,-0.03,-0.754,4003073.79,1583693.179,20230619.0,,20230619
2023-06-20,510300.SH,3.949,3.941,3.959,3.936,3.942,-0.007,-0.1773,3538923.42,1396571.289,20230620.0,,20230620
2023-06-21,510300.SH,3.942,3.935,3.939,3.885,3.887,-0.055,-1.3952,4893537.0,1915610.962,20230621.0,,20230621
2023-06-26,510300.SH,3.887,3.866,3.87,3.831,3.843,-0.044,-1.132,6404956.0,2462685.974,20230626.0,,20230626
2023-06-27,510300.SH,3.843,3.842,3.879,3.835,3.869,0.026,0.6766,3971020.74,1532293.882,20230627.0,,20230627
2023-06-28,510300.SH,3.869,3.863,3.878,3.837,3.877,0.008,0.2068,4627456.13,1786039.957,20230628.0,,20230628
2023-06-29,510300.SH,3.877,3.877,3.879,3.847,3.859,-0.018,-0.4643,3002626.47,1159259.69,20230629.0,,20230629
2023-06-30,510300.SH,3.859,3.858,3.9,3.853,3.882,0.023,0.596,5299182.5,2058017.0,20230630.0,,20230630
2023-07-03,510300.SH,3.882,3.89,3.939,3.888,3.927,0.045,1.1592,4739097.07,1857984.547,20230703.0,,20230703
2023-07-04,510300.SH,3.927,3.925,3.936,3.919,3.934,0.007,0.1783,2521212.89,990312.869,20230704.0,,20230704
2023-07-05,510300.SH,3.934,3.928,3.934,3.901,3.907,-0.027,-0.6863,2712152.41,1061461.518,20230705.0,,20230705
2023-07-06,510300.SH,3.907,3.9,3.92,3.874,3.879,-0.028,-0.7167,3467438.84,1349288.878,20230706.0,,20230706
2023-07-07,510300.SH,3.879,3.875,3.884,3.859,3.868,-0.011,-0.2836,3022776.7,1170006.594,20230707.0,,20230707
2023-07-10,510300.SH,3.868,3.886,3.91,3.872,3.884,0.016,0.4137,4284868.11,1668025.659,20230710.0,,20230710
2023-07-11,510300.SH,3.884,3.897,3.915,3.887,3.91,0.026,0.6694,5874389.34,2292218.456,20230711.0,,20230711
2023-07-12,510300.SH,3.91,3.914,3.92,3.881,3.891,-0.019,-0.4859,3894107.68,1520311.053,20230712.0,,20230712
2023-07-13,510300.SH,3.891,3.91,3.957,3.91,3.954,0.063,1.6191,5722865.52,2254997.24,20230713.0,,20230713
2023-07-14,510300.SH,3.954,3.96,3.964,3.95,3.952,-0.002,-0.0506,3632621.03,1437431.006,20230714.0,,20230714
2023-07-17,510300.SH,3.952,3.946,3.946,3.908,3.924,-0.028,-0.7085,4486125.66,1757874.089,20230717.0,,20230717
2023-07-18,510300.SH,3.924,3.925,3.932,3.905,3.918,-0.006,-0.1529,2666707.16,1044528.809,20230718.0,,20230718
2023-07-19,510300.SH,3.918,3.91,3.924,3.895,3.916,-0.002,-0.051,5012406.59,1958620.837,20230719.0,,20230719
2023-07-20,510300.SH,3.916,3.923,3.942,3.881,3.888,-0.028,-0.715,8715070.69,3409059.171,20230720.0,,20230720
2023-07-21,510300.SH,3.888,3.888,3.917,3.875,3.89,0.002,0.0514,7272501.49,2831069.309,20230721.0,,20230721
2023-07-24,510300.SH,3.89,3.87,3.897,3.864,3.873,-0.017,-0.437,4549819.86,1762582.929,20230724.0,,20230724
2023-07-25,510300.SH,3.873,3.92,3.986,3.92,3.985,0.112,2.8918,11409823.93,4516702.93,20230725.0,,20230725
2023-07-26,510300.SH,3.985,3.98,3.982,3.961,3.976,-0.009,-0.2258,5880385.74,2336248.742,20230726.0,,20230726
2023-07-27,510300.SH,3.976,3.985,3.998,3.96,3.972,-0.004,-0.1006,6024657.65,2399970.524,20230727.0,,20230727
2023-07-28,510300.SH,3.972,3.953,4.075,3.953,4.068,0.096,2.4169,14964884.03,6045486.97,20230728.0,,20230728
2023-07-31,510300.SH,4.068,4.1,4.141,4.074,4.084,0.016,0.3933,17906349.98,7347223.022,20230731.0,,20230731
2023-08-01,510300.SH,4.084,4.08,4.105,4.055,4.066,-0.018,-0.4407,11359815.81,4628166.309,20230801.0,,20230801
2023-08-02,510300.SH,4.066,4.059,4.08,4.026,4.037,-0.029,-0.7132,7894398.31,3195405.068,20230802.0,,20230802
2023-08-03,510300.SH,4.037,4.031,4.075,4.031,4.073,0.036,0.8918,7379311.12,2990984.772,20230803.0,,20230803
2023-08-04,510300.SH,4.073,4.115,4.132,4.08,4.094,0.021,0.5156,14223574.58,5844695.555,20230804.0,,20230804
2023-08-07,510300.SH,4.094,4.076,4.076,4.049,4.063,-0.031,-0.7572,12814224.08,5203107.906,20230807.0,,20230807
2023-08-08,510300.SH,4.063,4.048,4.075,4.035,4.048,-0.015,-0.3692,11165790.62,4524172.048,20230808.0,,20230808
2023-08-09,510300.SH,4.048,4.038,4.055,4.034,4.04,-0.008,-0.1976,13325079.01,5388159.549,20230809.0,,20230809
2023-08-10,510300.SH,4.04,4.038,4.05,4.014,4.045,0.005,0.1238,9382509.08,3788454.446,20230810.0,,20230810
2023-08-11,510300.SH,4.045,4.045,4.048,3.948,3.95,-0.095,-2.3486,12885598.13,5137860.063,20230811.0,,20230811
2023-08-14,510300.SH,3.95,3.919,3.932,3.884,3.923,-0.027,-0.6835,10386003.3,4062406.138,20230814.0,,20230814
2023-08-15,510300.SH,3.923,3.927,3.935,3.881,3.919,-0.004,-0.102,8165194.1,3193418.408,20230815.0,,20230815
2023-08-16,510300.SH,3.919,3.902,3.922,3.887,3.889,-0.03,-0.7655,8558494.76,3338499.228,20230816.0,,20230816
2023-08-17,510300.SH,3.889,3.871,3.909,3.855,3.902,0.013,0.3343,11561183.39,4488757.418,20230817.0,,20230817
2023-08-18,510300.SH,3.902,3.904,3.914,3.851,3.852,-0.05,-1.2814,12755465.46,4949895.035,20230818.0,,20230818
2023-08-21,510300.SH,3.852,3.843,3.854,3.797,3.8,-0.052,-1.3499,11009243.57,4211773.045,20230821.0,,20230821
2023-08-22,510300.SH,3.8,3.818,3.841,3.772,3.823,0.023,0.6053,13315288.73,5068251.898,20230822.0,,20230822
2023-08-23,510300.SH,3.823,3.81,3.821,3.759,3.768,-0.055,-1.4387,10824197.22,4103294.099,20230823.0,,20230823
2023-08-24,510300.SH,3.768,3.775,3.82,3.772,3.791,0.023,0.6104,9526547.79,3613485.225,20230824.0,,20230824
2023-08-25,510300.SH,3.791,3.776,3.809,3.768,3.784,-0.007,-0.1846,11745354.68,4441349.667,20230825.0,,20230825
2023-08-28,510300.SH,3.784,4.011,4.011,3.81,3.837,0.053,1.4006,28220117.65,10967426.433,20230828.0,,20230828
2023-08-29,510300.SH,3.837,3.82,3.888,3.818,3.859,0.022,0.5734,21940525.31,8447914.072,20230829.0,,20230829
2023-08-30,510300.SH,3.859,3.864,3.884,3.85,3.858,-0.001,-0.0259,10361322.86,4005949.852,20230830.0,,20230830
2023-08-31,510300.SH,3.858,3.858,3.865,3.83,3.839,-0.019,-0.4925,8384688.26,3223625.329,20230831.0,,20230831
2023-09-01,510300.SH,3.839,3.857,3.88,3.85,3.862,0.023,0.5991,7926924.88,3061777.815,20230901.0,,20230901
2023-09-04,510300.SH,3.862,3.89,3.93,3.874,3.92,0.058,1.5018,11855232.74,4631839.161,20230904.0,,20230904
2023-09-05,510300.SH,3.92,3.91,3.912,3.885,3.893,-0.027,-0.6888,6297700.96,2454185.74,20230905.0,,20230905
2023-09-06,510300.SH,3.893,3.88,3.893,3.866,3.883,-0.01,-0.2569,7151761.27,2772119.111,20230906.0,,20230906
2023-09-07,510300.SH,3.883,3.875,3.876,3.826,3.83,-0.053,-1.3649,9410349.63,3620025.67,20230907.0,,20230907
2023-09-08,510300.SH,3.83,3.815,3.828,3.796,3.809,-0.021,-0.5483,8186358.34,3117927.088,20230908.0,,20230908
2023-09-11,510300.SH,3.809,3.81,3.861,3.803,3.837,0.028,0.7351,8166507.88,3130054.721,20230911.0,,20230911
2023-09-12,510300.SH,3.837,3.834,3.846,3.825,3.832,-0.005,-0.1303,5949369.1,2280742.953,20230912.0,,20230912
2023-09-13,510300.SH,3.832,3.831,3.842,3.787,3.807,-0.025,-0.6524,10321331.23,3927790.358,20230913.0,,20230913
2023-09-14,510300.SH,3.807,3.806,3.818,3.785,3.804,-0.003,-0.0788,9282830.35,3527433.204,20230914.0,,20230914
2023-09-15,510300.SH,3.804,3.811,3.818,3.769,3.787,-0.017,-0.4469,11906221.12,4515384.978,20230915.0,,20230915
2023-09-18,510300.SH,3.787,3.778,3.811,3.764,3.8,0.013,0.3433,9859263.93,3740921.119,20230918.0,,20230918
2023-09-19,510300.SH,3.8,3.796,3.798,3.772,3.795,-0.005,-0.1316,7270062.69,2752539.515,20230919.0,,20230919
2023-09-20,510300.SH,3.795,3.785,3.793,3.777,3.777,-0.018,-0.4743,6341354.98,2399486.875,20230920.0,,20230920
2023-09-21,510300.SH,3.777,3.769,3.783,3.741,3.742,-0.035,-0.9267,8991970.17,3378417.954,20230921.0,,20230921
2023-09-22,510300.SH,3.742,3.736,3.818,3.735,3.817,0.075,2.0043,12471165.54,4719058.01,20230922.0,,20230922
2023-09-25,510300.SH,3.817,3.806,3.809,3.782,3.789,-0.028,-0.7336,7009056.51,2656946.227,20230925.0,,20230925
2023-09-26,510300.SH,3.789,3.786,3.797,3.766,3.768,-0.021,-0.5542,8629084.81,3257834.057,20230926.0,,20230926
2023-09-27,510300.SH,3.768,3.767,3.805,3.766,3.778,0.01,0.2654,10780539.58,4074752.971,20230927.0,,20230927
2023-09-28,510300.SH,3.778,3.785,3.791,3.756,3.764,-0.014,-0.3706,11206123.53,4221645.459,20230928.0,,20230928
2023-10-09,510300.SH,3.764,3.757,3.768,3.713,3.754,-0.01,-0.2657,8752130.72,3273783.14,20231009.0,,20231009
2023-10-10,510300.SH,3.754,3.766,3.778,3.724,3.727,-0.027,-0.7192,9279323.76,3475885.457,20231010.0,,20231010
2023-10-11,510300.SH,3.727,3.745,3.762,3.727,3.735,0.008,0.2146,8934987.08,3346389.864,20231011.0,,20231011
2023-10-12,510300.SH,3.735,3.77,3.785,3.752,3.771,0.036,0.9639,9335215.69,3516113.484,20231012.0,,20231012
2023-10-13,510300.SH,3.771,3.75,3.751,3.724,3.736,-0.035,-0.9281,11350953.39,4239502.34,20231013.0,,20231013
2023-10-16,510300.SH,3.736,3.736,3.738,3.682,3.693,-0.043,-1.151,11389805.84,4217878.506,20231016.0,,20231016
2023-10-17,510300.SH,3.693,3.7,3.713,3.687,3.705,0.012,0.3249,8880603.0,3286594.496,20231017.0,,20231017
2023-10-18,510300.SH,3.705,3.699,3.703,3.675,3.677,-0.028,-0.7557,8102705.94,2986654.336,20231018.0,,20231018
2023-10-19,510300.SH,3.677,3.66,3.66,3.595,3.6,-0.077,-2.0941,16903687.77,6128588.638,20231019.0,,20231019
2023-10-20,510300.SH,3.6,3.583,3.6,3.565,3.582,-0.018,-0.5,17404461.64,6233727.376,20231020.0,,20231020
2023-10-23,510300.SH,3.582,3.568,3.57,3.512,3.544,-0.038,-1.0609,27102417.09,9591980.2,20231023.0,,20231023
2023-10-24,510300.SH,3.544,3.553,3.563,3.52,3.549,0.005,0.1411,15350129.75,5440874.384,20231024.0,,20231024
2023-10-25,510300.SH,3.549,3.588,3.603,3.567,3.569,0.02,0.5635,13833515.68,4957392.955,20231025.0,,20231025
2023-10-26,510300.SH,3.569,3.555,3.586,3.548,3.582,0.013,0.3642,11436094.97,4074940.755,20231026.0,,20231026
2023-10-27,510300.SH,3.582,3.574,3.649,3.565,3.636,0.054,1.5075,16476623.97,5952697.55,20231027.0,,20231027
2023-10-30,510300.SH,3.636,3.622,3.663,3.62,3.652,0.016,0.44,9614013.73,3503763.582,20231030.0,,20231030
2023-10-31,510300.SH,3.652,3.645,3.65,3.622,3.644,-0.008,-0.2191,8396600.29,3053046.237,20231031.0,,20231031
2023-11-01,510300.SH,3.644,3.68,3.68,3.632,3.642,-0.002,-0.0549,8119834.0,2960433.483,20231101.0,,20231101
2023-11-02,510300.SH,3.642,3.648,3.669,3.624,3.625,-0.017,-0.4668,10753815.83,3915900.772,20231102.0,,20231102
2023-11-03,510300.SH,3.625,3.631,3.668,3.63,3.653,0.028,0.7724,10578226.83,3863396.873,20231103.0,,20231103
2023-11-06,510300.SH,3.653,3.675,3.705,3.674,3.701,0.048,1.314,11766495.62,4344615.629,20231106.0,,20231106
2023-11-07,510300.SH,3.701,3.692,3.701,3.676,3.69,-0.011,-0.2972,6575290.91,2424393.951,20231107.0,,20231107
2023-11-08,510300.SH,3.69,3.683,3.696,3.658,3.679,-0.011,-0.2981,11353212.2,4175672.872,20231108.0,,20231108
2023-11-09,510300.SH,3.679,3.671,3.695,3.669,3.682,0.003,0.0815,8185694.45,3012831.353,20231109.0,,20231109
2023-11-10,510300.SH,3.682,3.668,3.668,3.643,3.655,-0.027,-0.7333,7841767.92,2864208.754,20231110.0,,20231110
2023-11-13,510300.SH,3.655,3.659,3.666,3.63,3.65,-0.005,-0.1368,6744633.35,2456900.62,20231113.0,,20231113
2023-11-14,510300.SH,3.65,3.654,3.67,3.635,3.65,0.0,0.0,7533172.17,2750944.509,20231114.0,,20231114
2023-11-15,510300.SH,3.65,3.68,3.691,3.663,3.675,0.025,0.6849,9940631.3,3654308.894,20231115.0,,20231115
2023-11-16,510300.SH,3.675,3.67,3.673,3.637,3.639,-0.036,-0.9796,8815566.65,3216526.669,20231116.0,,20231116
2023-11-17,510300.SH,3.639,3.63,3.638,3.612,3.634,-0.005,-0.1374,11984508.72,4344183.851,20231117.0,,20231117
2023-11-20,510300.SH,3.634,3.637,3.657,3.61,3.645,0.011,0.3027,8584303.6,3119864.711,20231120.0,,20231120
2023-11-21,510300.SH,3.645,3.655,3.686,3.64,3.65,0.005,0.1372,9316054.85,3414862.52,20231121.0,,20231121
2023-11-22,510300.SH,3.65,3.641,3.646,3.61,3.611,-0.039,-1.0685,7622027.06,2765607.794,20231122.0,,20231122
2023-11-23,510300.SH,3.611,3.609,3.632,3.595,3.63,0.019,0.5262,7749718.08,2800813.039,20231123.0,,20231123
2023-11-24,510300.SH,3.63,3.626,3.627,3.598,3.605,-0.025,-0.6887,7434532.94,2684275.512,20231124.0,,20231124
2023-11-27,510300.SH,3.605,3.604,3.604,3.557,3.581,-0.024,-0.6657,7762956.48,2773819.65,20231127.0,,20231127
2023-11-28,510300.SH,3.581,3.575,3.59,3.566,3.585,0.004,0.1117,7274837.41,2603222.024,20231128.0,,20231128
2023-11-29,510300.SH,3.585,3.586,3.589,3.545,3.558,-0.027,-0.7531,7590569.98,2702123.586,20231129.0,,20231129
2023-11-30,510300.SH,3.558,3.554,3.572,3.547,3.562,0.004,0.1124,6678100.76,2377329.01,20231130.0,,20231130
2023-12-01,510300.SH,3.562,3.561,3.567,3.519,3.548,-0.014,-0.393,8604681.31,3046328.676,20231201.0,,20231201
2023-12-04,510300.SH,3.548,3.551,3.554,3.523,3.524,-0.024,-0.6764,6925229.52,2448340.185,20231204.0,,20231204
2023-12-05,510300.SH,3.524,3.519,3.519,3.457,3.458,-0.066,-1.8729,10087895.71,3519764.103,20231205.0,,20231205
2023-12-06,510300.SH,3.458,3.454,3.483,3.444,3.463,0.005,0.1446,10019448.65,3471511.576,20231206.0,,20231206
2023-12-07,510300.SH,3.463,3.461,3.468,3.431,3.454,-0.009,-0.2599,9345058.26,3222732.043,20231207.0,,20231207
2023-12-08,510300.SH,3.454,3.455,3.473,3.45,3.461,0.007,0.2027,7091985.92,2456531.937,20231208.0,,20231208
2023-12-11,510300.SH,3.461,3.44,3.497,3.415,3.485,0.024,0.6934,9982478.34,3440612.626,20231211.0,20231211.0,20231211
2023-12-12,510300.SH,3.485,3.476,3.495,3.473,3.493,0.008,0.2296,6407242.15,2232549.949,20231212.0,20231212.0,20231212
2023-12-13,510300.SH,3.493,3.482,3.486,3.432,3.435,-0.058,-1.6605,7088152.11,2449237.49,20231213.0,20231213.0,20231213
2023-12-14,510300.SH,3.435,3.451,3.465,3.414,3.419,-0.016,-0.4658,7415331.23,2548257.393,20231214.0,20231214.0,20231214
2023-12-15,510300.SH,3.419,3.43,3.454,3.405,3.412,-0.007,-0.2047,8999767.85,3083345.817,20231215.0,20231215.0,20231215
2023-12-18,510300.SH,3.412,3.398,3.419,3.38,3.398,-0.014,-0.4103,8473037.52,2880805.451,20231218.0,20231218.0,20231218
2023-12-19,510300.SH,3.398,3.397,3.414,3.38,3.4,0.002,0.0589,10985366.29,3728059.629,20231219.0,20231219.0,20231219
2023-12-20,510300.SH,3.4,3.404,3.409,3.365,3.369,-0.031,-0.9118,10347176.1,3505163.478,20231220.0,20231220.0,20231220
2023-12-21,510300.SH,3.369,3.355,3.411,3.352,3.4,0.031,0.9202,15924480.74,5392955.427,20231221.0,20231221.0,20231221
2023-12-22,510300.SH,3.4,3.397,3.43,3.382,3.406,0.006,0.1765,20765265.41,7076759.645,20231222.0,20231222.0,20231222
2023-12-25,510300.SH,3.406,3.405,3.42,3.401,3.415,0.009,0.2642,10041465.45,3425066.434,20231225.0,20231225.0,20231225
2023-12-26,510300.SH,3.415,3.413,3.413,3.385,3.395,-0.02,-0.5857,7771693.2,2637394.901,20231226.0,20231226.0,20231226
2023-12-27,510300.SH,3.395,3.396,3.411,3.378,3.405,0.01,0.2946,8361724.65,2840693.989,20231227.0,20231227.0,20231227
2023-12-28,510300.SH,3.405,3.401,3.498,3.4,3.489,0.084,2.467,23832991.92,8259924.175,20231228.0,20231228.0,20231228
2023-12-29,510300.SH,3.489,3.488,3.505,3.482,3.499,0.01,0.2866,25188734.84,8806298.908,20231229.0,20231229.0,20231229
2024-01-02,510300.SH,3.499,3.502,3.502,3.451,3.453,-0.046,-1.3147,9429305.78,3269676.679,20240102.0,20240102.0,20240102
2024-01-03,510300.SH,3.453,3.446,3.46,3.428,3.443,-0.01,-0.2896,10617502.73,3654757.871,20240103.0,20240103.0,20240103
2024-01-04,510300.SH,3.443,3.442,3.442,3.387,3.413,-0.03,-0.8713,16661524.81,5674869.534,20240104.0,20240104.0,20240104
2024-01-05,510300.SH,3.413,3.404,3.439,3.377,3.396,-0.017,-0.4981,16996696.66,5796964.474,20240105.0,20240105.0,20240105
2024-01-08,510300.SH,3.396,3.389,3.403,3.346,3.349,-0.047,-1.384,17304243.86,5816612.453,20240108.0,20240108.0,20240108
2024-01-09,510300.SH,3.349,3.351,3.371,3.339,3.357,0.008,0.2389,11312178.13,3794394.933,20240109.0,20240109.0,20240109
2024-01-10,510300.SH,3.357,3.35,3.381,3.332,3.341,-0.016,-0.4766,9582540.57,3211385.597,20240110.0,20240110.0,20240110
2024-01-11,510300.SH,3.341,3.341,3.38,3.334,3.36,0.019,0.5687,12662371.58,4254642.486,20240111.0,20240111.0,20240111
2024-01-12,510300.SH,3.36,3.351,3.377,3.346,3.349,-0.011,-0.3274,8413272.73,2826380.699,20240112.0,20240112.0,20240112
2024-01-15,510300.SH,3.349,3.33,3.375,3.324,3.345,-0.004,-0.1194,9055706.2,3030920.178,20240115.0,20240115.0,20240115
2024-01-16,510300.SH,3.345,3.34,3.368,3.326,3.367,0.022,0.6577,17689523.52,5925099.758,20240116.0,20240116.0,20240116
2024-01-17,510300.SH,3.367,3.357,3.357,3.29,3.292,-0.075,-2.2275,12862151.82,4278633.103,20240117.0,20240117.0,20240117
2024-01-18,510300.SH,3.223,3.218,3.275,3.166,3.268,0.045,1.3962,47543511.34,15257021.704,20240118.0,20240118.0,20240118
2024-01-19,510300.SH,3.268,3.249,3.285,3.242,3.275,0.007,0.2142,36944521.24,12079016.731,20240119.0,20240119.0,20240119
2024-01-22,510300.SH,3.275,3.265,3.275,3.193,3.206,-0.069,-2.1069,46470564.67,15113081.733,20240122.0,20240122.0,20240122
2024-01-23,510300.SH,3.206,3.199,3.247,3.186,3.228,0.022,0.6862,13924803.72,4481443.569,20240123.0,20240123.0,20240123
2024-01-24,510300.SH,3.228,3.239,3.28,3.188,3.279,0.051,1.5799,22789368.53,7373901.841,20240124.0,20240124.0,20240124
2024-01-25,510300.SH,3.279,3.27,3.34,3.261,3.335,0.056,1.7078,16487014.09,5449682.868,20240125.0,20240125.0,20240125
2024-01-26,510300.SH,3.335,3.328,3.35,3.312,3.329,-0.006,-0.1799,21833051.24,7273329.362,20240126.0,20240126.0,20240126
2024-01-29,510300.SH,3.329,3.331,3.345,3.298,3.299,-0.03,-0.9012,10113930.3,3358335.864,20240129.0,20240129.0,20240129
2024-01-30,510300.SH,3.299,3.281,3.298,3.241,3.243,-0.056,-1.6975,18892623.38,6186331.951,20240130.0,20240130.0,20240130
2024-01-31,510300.SH,3.243,3.233,3.249,3.197,3.222,-0.021,-0.6475,19090997.0,6157214.385,20240131.0,20240131.0,20240131
2024-02-01,510300.SH,3.222,3.2,3.248,3.19,3.218,-0.004,-0.1241,18909975.81,6091552.415,20240201.0,20240201.0,20240201
2024-02-02,510300.SH,3.218,3.218,3.232,3.102,3.188,-0.03,-0.9323,25386942.15,8074716.502,20240202.0,20240202.0,20240202
2024-02-05,510300.SH,3.188,3.158,3.234,3.111,3.208,0.02,0.6274,26601787.39,8439536.816,20240205.0,20240205.0,20240205
2024-02-06,510300.SH,3.208,3.185,3.314,3.182,3.311,0.103,3.2107,20089181.68,6562526.022,20240206.0,20240206.0,20240206
2024-02-07,510300.SH,3.311,3.31,3.342,3.287,3.34,0.029,0.8759,34658146.7,11514587.248,20240207.0,20240207.0,20240207
2024-02-08,510300.SH,3.34,3.352,3.366,3.333,3.362,0.022,0.6587,23942619.79,8019665.628,20240208.0,20240208.0,20240208
2024-02-19,510300.SH,3.362,3.374,3.392,3.355,3.389,0.027,0.8031,14861876.42,5016056.179,20240219.0,20240219.0,20240219
2024-02-20,510300.SH,3.389,3.383,3.405,3.372,3.401,0.012,0.3541,9801668.18,3322077.448,20240220.0,20240220.0,20240220
2024-02-21,510300.SH,3.401,3.388,3.496,3.382,3.449,0.048,1.4113,16009580.5,5528334.98,20240221.0,20240221.0,20240221
2024-02-22,510300.SH,3.449,3.447,3.477,3.441,3.475,0.026,0.7538,9446351.29,3270537.309,20240222.0,20240222.0,20240222
2024-02-23,510300.SH,3.475,3.475,3.497,3.464,3.478,0.003,0.0863,10908773.84,3794512.188,20240223.0,20240223.0,20240223
2024-02-26,510300.SH,3.478,3.476,3.482,3.437,3.443,-0.035,-1.0063,11172368.48,3865703.825,20240226.0,20240226.0,20240226
2024-02-27,510300.SH,3.443,3.435,3.486,3.433,3.484,0.041,1.1908,10468849.14,3620336.718,20240227.0,20240227.0,20240227
2024-02-28,510300.SH,3.484,3.487,3.514,3.446,3.448,-0.036,-1.0333,28549978.84,9926190.298,20240228.0,20240228.0,20240228
2024-02-29,510300.SH,3.448,3.44,3.507,3.437,3.503,0.055,1.5951,14835850.3,5163736.038,20240229.0,20240229.0,20240229
2024-03-01,510300.SH,3.503,3.501,3.54,3.495,3.53,0.027,0.7708,12256393.13,4311480.716,20240301.0,20240301.0,20240301
2024-03-04,510300.SH,3.53,3.526,3.537,3.508,3.527,-0.003,-0.085,10146549.93,3576642.516,20240304.0,20240304.0,20240304
2024-03-05,510300.SH,3.527,3.515,3.566,3.508,3.556,0.029,0.8222,27991018.7,9924986.737,20240305.0,20240305.0,20240305
2024-03-06,510300.SH,3.556,3.551,3.572,3.538,3.542,-0.014,-0.3937,12995274.25,4612496.593,20240306.0,20240306.0,20240306
2024-03-07,510300.SH,3.542,3.541,3.56,3.515,3.523,-0.019,-0.5364,10589480.04,3740550.493,20240307.0,20240307.0,20240307
2024-03-08,510300.SH,3.523,3.525,3.54,3.504,3.533,0.01,0.2838,8621876.98,3038389.403,20240308.0,20240308.0,20240308
2024-03-11,510300.SH,3.533,3.531,3.584,3.53,3.581,0.048,1.3586,11207615.15,3980306.236,20240311.0,20240311.0,20240311
2024-03-12,510300.SH,3.581,3.583,3.599,3.568,3.586,0.005,0.1396,11058395.72,3962320.648,20240312.0,20240312.0,20240312
2024-03-13,510300.SH,3.586,3.585,3.585,3.555,3.565,-0.021,-0.5856,6858705.58,2448621.615,20240313.0,20240313.0,20240313
2024-03-14,510300.SH,3.565,3.56,3.587,3.535,3.552,-0.013,-0.3647,7018811.48,2499760.281,20240314.0,20240314.0,20240314
2024-03-15,510300.SH,3.552,3.542,3.566,3.522,3.561,0.009,0.2534,8490237.9,3005272.035,20240315.0,20240315.0,20240315
2024-03-18,510300.SH,3.561,3.561,3.593,3.561,3.592,0.031,0.8705,7873329.32,2817049.387,20240318.0,20240318.0,20240318
2024-03-19,510300.SH,3.592,3.586,3.6,3.565,3.569,-0.023,-0.6403,6548752.08,2344663.833,20240319.0,20240319.0,20240319
2024-03-20,510300.SH,3.569,3.561,3.582,3.558,3.572,0.003,0.0841,5379620.49,1920793.104,20240320.0,20240320.0,20240320
2024-03-21,510300.SH,3.572,3.58,3.594,3.565,3.57,-0.002,-0.056,6197332.07,2218906.08,20240321.0,20240321.0,20240321
2024-03-22,510300.SH,3.57,3.567,3.568,3.512,3.539,-0.031,-0.8683,14506377.54,5127448.694,20240322.0,20240322.0,20240322
2024-03-25,510300.SH,3.539,3.53,3.555,3.517,3.52,-0.019,-0.5369,6305426.64,2227919.111,20240325.0,20240325.0,20240325
2024-03-26,510300.SH,3.52,3.52,3.538,3.512,3.531,0.011,0.3125,8791032.83,3098650.769,20240326.0,20240326.0,20240326
2024-03-27,510300.SH,3.531,3.526,3.532,3.492,3.493,-0.038,-1.0762,8746474.52,3074186.8,20240327.0,20240327.0,20240327
2024-03-28,510300.SH,3.493,3.491,3.544,3.481,3.51,0.017,0.4867,10319250.94,3626832.966,20240328.0,20240328.0,20240328
2024-03-29,510300.SH,3.51,3.507,3.53,3.505,3.526,0.016,0.4558,6511958.99,2290152.714,20240329.0,20240329.0,20240329
2024-04-01,510300.SH,3.526,3.54,3.594,3.539,3.584,0.058,1.6449,10932625.35,3911633.845,20240401.0,20240401.0,20240401
2024-04-02,510300.SH,3.584,3.583,3.587,3.561,3.572,-0.012,-0.3348,5831913.82,2083908.476,20240402.0,20240402.0,20240402
2024-04-03,510300.SH,3.572,3.57,3.572,3.548,3.558,-0.014,-0.3919,5983464.1,2129802.753,20240403.0,20240403.0,20240403
2024-04-08,510300.SH,3.558,3.55,3.556,3.524,3.529,-0.029,-0.8151,7099486.68,2511699.15,20240408.0,20240408.0,20240408
2024-04-09,510300.SH,3.529,3.527,3.534,3.512,3.523,-0.006,-0.17,5345371.35,1882130.476,20240409.0,20240409.0,20240409
2024-04-10,510300.SH,3.523,3.524,3.524,3.48,3.497,-0.026,-0.738,6816711.42,2385834.189,20240410.0,20240410.0,20240410
2024-04-11,510300.SH,3.497,3.481,3.513,3.475,3.494,-0.003,-0.0858,5391158.71,1884073.688,20240411.0,20240411.0,20240411
2024-04-12,510300.SH,3.494,3.494,3.505,3.457,3.466,-0.028,-0.8014,7405129.12,2575786.145,20240412.0,20240412.0,20240412
2024-04-15,510300.SH,3.466,3.466,3.545,3.464,3.539,0.073,2.1062,10999537.3,3869936.517,20240415.0,20240415.0,20240415
2024-04-16,510300.SH,3.539,3.524,3.535,3.491,3.507,-0.032,-0.9042,9132298.47,3210005.558,20240416.0,20240416.0,20240416
2024-04-17,510300.SH,3.507,3.507,3.557,3.491,3.553,0.046,1.3117,9964664.34,3514407.052,20240417.0,20240417.0,20240417
2024-04-18,510300.SH,3.553,3.544,3.594,3.541,3.559,0.006,0.1689,9302192.67,3319194.193,20240418.0,20240418.0,20240418
2024-04-19,510300.SH,3.559,3.545,3.554,3.518,3.531,-0.028,-0.7867,6442757.41,2277856.492,20240419.0,20240419.0,20240419
2024-04-22,510300.SH,3.531,3.53,3.552,3.518,3.524,-0.007,-0.1982,7251823.62,2562064.527,20240422.0,20240422.0,20240422
2024-04-23,510300.SH,3.524,3.524,3.53,3.493,3.499,-0.025,-0.7094,9428474.3,3302843.911,20240423.0,20240423.0,20240423
2024-04-24,510300.SH,3.499,3.505,3.517,3.489,3.513,0.014,0.4001,5942319.08,2081789.894,20240424.0,20240424.0,20240424
2024-04-25,510300.SH,3.513,3.503,3.537,3.495,3.523,0.01,0.2847,6647552.14,2337486.533,20240425.0,20240425.0,20240425
2024-04-26,510300.SH,3.523,3.524,3.581,3.524,3.573,0.05,1.4192,13743139.59,4889467.155,20240426.0,20240426.0,20240426
2024-04-29,510300.SH,3.573,3.577,3.638,3.572,3.616,0.043,1.2035,15303224.26,5523568.416,20240429.0,20240429.0,20240429
2024-04-30,510300.SH,3.616,3.615,3.624,3.596,3.598,-0.018,-0.4978,8231090.14,2971763.282,20240430.0,20240430.0,20240430
2024-05-06,510300.SH,3.598,3.64,3.664,3.635,3.648,0.05,1.3897,13090610.67,4778963.455,20240506.0,20240506.0,20240506
2024-05-07,510300.SH,3.648,3.645,3.656,3.637,3.65,0.002,0.0548,6860183.59,2503006.857,20240507.0,20240507.0,20240507
2024-05-08,510300.SH,3.65,3.643,3.644,3.618,3.621,-0.029,-0.7945,6387758.58,2318202.807,20240508.0,20240508.0,20240508
2024-05-09,510300.SH,3.621,3.62,3.662,3.619,3.656,0.035,0.9666,6502023.24,2372500.248,20240509.0,20240509.0,20240509
2024-05-10,510300.SH,3.656,3.663,3.67,3.631,3.658,0.002,0.0547,8650954.0,3157134.93,20240510.0,20240510.0,20240510
2024-05-13,510300.SH,3.658,3.637,3.666,3.619,3.655,-0.003,-0.082,7411594.42,2701728.525,20240513.0,20240513.0,20240513
2024-05-14,510300.SH,3.655,3.655,3.67,3.638,3.649,-0.006,-0.1642,5876668.0,2144402.883,20240514.0,20240514.0,20240514
2024-05-15,510300.SH,3.649,3.647,3.651,3.617,3.623,-0.026,-0.7125,8559462.84,3109209.781,20240515.0,20240515.0,20240515
2024-05-16,510300.SH,3.623,3.63,3.651,3.621,3.635,0.012,0.3312,10511975.27,3822598.483,20240516.0,20240516.0,20240516
2024-05-17,510300.SH,3.635,3.635,3.679,3.623,3.676,0.041,1.1279,9320469.31,3401620.1,20240517.0,20240517.0,20240517
2024-05-20,510300.SH,3.676,3.682,3.7,3.67,3.684,0.008,0.2176,9365358.96,3450627.455,20240520.0,20240520.0,20240520
2024-05-21,510300.SH,3.684,3.679,3.683,3.66,3.672,-0.012,-0.3257,4969838.82,1824951.018,20240521.0,20240521.0,20240521
2024-05-22,510300.SH,3.672,3.67,3.689,3.663,3.68,0.008,0.2179,6766845.56,2488949.571,20240522.0,20240522.0,20240522
2024-05-23,510300.SH,3.68,3.671,3.674,3.631,3.643,-0.037,-1.0054,6988060.53,2548466.424,20240523.0,20240523.0,20240523
2024-05-24,510300.SH,3.643,3.632,3.65,3.598,3.602,-0.041,-1.1254,8412742.0,3048259.226,20240524.0,20240524.0,20240524
2024-05-27,510300.SH,3.602,3.605,3.634,3.601,3.632,0.03,0.8329,6696224.87,2421614.804,20240527.0,20240527.0,20240527
2024-05-28,510300.SH,3.632,3.631,3.633,3.602,3.609,-0.023,-0.6333,5317531.98,1923959.394,20240528.0,20240528.0,20240528
2024-05-29,510300.SH,3.609,3.608,3.633,3.601,3.61,0.001,0.0277,6152450.82,2225724.205,20240529.0,20240529.0,20240529
2024-05-30,510300.SH,3.61,3.603,3.625,3.588,3.596,-0.014,-0.3878,7779253.03,2801007.806,20240530.0,20240530.0,20240530
2024-05-31,510300.SH,3.596,3.602,3.616,3.58,3.582,-0.014,-0.3893,7232183.4,2602439.724,20240531.0,20240531.0,20240531
2024-06-03,510300.SH,3.582,3.58,3.599,3.565,3.587,0.005,0.1396,7075115.9,2533469.501,20240603.0,20240603.0,20240603
2024-06-04,510300.SH,3.587,3.585,3.624,3.579,3.612,0.025,0.697,6817379.02,2455442.42,20240604.0,20240604.0,20240604
2024-06-05,510300.SH,3.612,3.613,3.622,3.597,3.599,-0.013,-0.3599,5839394.33,2108415.409,20240605.0,20240605.0,20240605
2024-06-06,510300.SH,3.599,3.606,3.63,3.585,3.599,0.0,0.0,10266993.23,3703349.866,20240606.0,20240606.0,20240606
2024-06-07,510300.SH,3.599,3.602,3.61,3.555,3.576,-0.023,-0.6391,10281271.09,3679748.332,20240607.0,20240607.0,20240607
2024-06-11,510300.SH,3.576,3.567,3.569,3.533,3.551,-0.025,-0.6991,8799169.85,3120655.858,20240611.0,20240611.0,20240611
2024-06-12,510300.SH,3.551,3.544,3.556,3.536,3.547,-0.004,-0.1126,5698353.11,2021361.645,20240612.0,20240612.0,20240612
2024-06-13,510300.SH,3.547,3.555,3.558,3.525,3.534,-0.013,-0.3665,5488037.11,1942881.857,20240613.0,20240613.0,20240613
2024-06-14,510300.SH,3.534,3.527,3.558,3.517,3.554,0.02,0.5659,6741039.54,2384388.229,20240614.0,20240614.0,20240614
2024-06-17,510300.SH,3.554,3.537,3.553,3.532,3.544,-0.01,-0.2814,3930171.95,1393127.82,20240617.0,20240617.0,20240617
2024-06-18,510300.SH,3.544,3.549,3.565,3.543,3.555,0.011,0.3104,5490352.0,1951607.303,20240618.0,20240618.0,20240618
2024-06-19,510300.SH,3.555,3.557,3.561,3.54,3.545,-0.01,-0.2813,5308595.28,1883345.443,20240619.0,20240619.0,20240619
2024-06-20,510300.SH,3.545,3.543,3.551,3.516,3.522,-0.023,-0.6488,5546557.8,1957492.953,20240620.0,20240620.0,20240620
2024-06-21,510300.SH,3.522,3.517,3.525,3.493,3.516,-0.006,-0.1704,19658677.37,6909858.71,20240621.0,20240621.0,20240621
2024-06-24,510300.SH,3.516,3.502,3.526,3.493,3.499,-0.017,-0.4835,20875455.29,7315197.212,20240624.0,20240624.0,20240624
2024-06-25,510300.SH,3.499,3.495,3.504,3.459,3.478,-0.021,-0.6002,17384584.68,6057065.481,20240625.0,20240625.0,20240625
2024-06-26,510300.SH,3.478,3.47,3.507,3.464,3.499,0.021,0.6038,10454895.22,3639499.501,20240626.0,20240626.0,20240626
2024-06-27,510300.SH,3.499,3.49,3.496,3.474,3.48,-0.019,-0.543,14337049.42,4995169.625,20240627.0,20240627.0,20240627
2024-06-28,510300.SH,3.48,3.474,3.511,3.473,3.487,0.007,0.2011,12755434.18,4457663.634,20240628.0,20240628.0,20240628
2024-07-01,510300.SH,3.487,3.487,3.507,3.467,3.501,0.014,0.4015,8536040.2,2977313.191,20240701.0,20240701.0,20240701
2024-07-02,510300.SH,3.501,3.494,3.511,3.489,3.496,-0.005,-0.1428,5992049.07,2097312.039,20240702.0,20240702.0,20240702
2024-07-03,510300.SH,3.496,3.494,3.503,3.48,3.49,-0.006,-0.1716,7914240.29,2761083.445,20240703.0,20240703.0,20240703
2024-07-04,510300.SH,3.49,3.493,3.509,3.473,3.475,-0.015,-0.4298,15599237.12,5436186.195,20240704.0,20240704.0,20240704
2024-07-05,510300.SH,3.475,3.47,3.478,3.428,3.458,-0.017,-0.4892,16363845.01,5643439.643,20240705.0,20240705.0,20240705
2024-07-08,510300.SH,3.458,3.451,3.458,3.426,3.434,-0.024,-0.694,9426255.16,3240708.452,20240708.0,20240708.0,20240708
2024-07-09,510300.SH,3.434,3.429,3.484,3.418,3.471,0.037,1.0775,10688956.39,3689270.214,20240709.0,20240709.0,20240709
2024-07-10,510300.SH,3.471,3.464,3.482,3.46,3.463,-0.008,-0.2305,5792821.0,2010659.819,20240710.0,20240710.0,20240710
2024-07-11,510300.SH,3.463,3.49,3.519,3.477,3.509,0.046,1.3283,10524377.74,3685787.239,20240711.0,20240711.0,20240711
2024-07-12,510300.SH,3.509,3.511,3.524,3.505,3.519,0.01,0.285,8723693.8,3066853.429,20240712.0,20240712.0,20240712
2024-07-15,510300.SH,3.519,3.511,3.531,3.508,3.526,0.007,0.1989,12550082.24,4423002.98,20240715.0,20240715.0,20240715
2024-07-16,510300.SH,3.526,3.52,3.555,3.517,3.551,0.025,0.709,16125086.98,5710212.236,20240716.0,20240716.0,20240716
2024-07-17,510300.SH,3.551,3.549,3.57,3.54,3.556,0.005,0.1408,22565644.0,8028962.162,20240717.0,20240717.0,20240717
2024-07-18,510300.SH,3.556,3.541,3.579,3.532,3.577,0.021,0.5906,19611815.0,6976289.739,20240718.0,20240718.0,20240718
2024-07-19,510300.SH,3.577,3.565,3.606,3.552,3.6,0.023,0.643,31696626.02,11368072.27,20240719.0,20240719.0,20240719
2024-07-22,510300.SH,3.6,3.595,3.598,3.551,3.571,-0.029,-0.8056,17163072.85,6131911.99,20240722.0,20240722.0,20240722
2024-07-23,510300.SH,3.571,3.566,3.571,3.498,3.501,-0.07,-1.9602,9195337.0,3244779.189,20240723.0,20240723.0,20240723
2024-07-24,510300.SH,3.501,3.495,3.509,3.466,3.479,-0.022,-0.6284,14910834.94,5196094.516,20240724.0,20240724.0,20240724
2024-07-25,510300.SH,3.479,3.464,3.476,3.441,3.459,-0.02,-0.5749,20455525.35,7073298.526,20240725.0,20240725.0,20240725
2024-07-26,510300.SH,3.459,3.46,3.483,3.452,3.474,0.015,0.4337,13579703.29,4708501.591,20240726.0,20240726.0,20240726
2024-07-29,510300.SH,3.474,3.47,3.472,3.453,3.454,-0.02,-0.5757,5949376.0,2058113.23,20240729.0,20240729.0,20240729
2024-07-30,510300.SH,3.454,3.446,3.446,3.417,3.431,-0.023,-0.6659,15250861.14,5228653.801,20240730.0,20240730.0,20240730
2024-07-31,510300.SH,3.431,3.431,3.51,3.427,3.508,0.077,2.2442,15389083.2,5353003.146,20240731.0,20240731.0,20240731
2024-08-01,510300.SH,3.508,3.502,3.515,3.481,3.483,-0.025,-0.7127,7965404.0,2783731.528,20240801.0,20240801.0,20240801
2024-08-02,510300.SH,3.483,3.46,3.483,3.441,3.447,-0.036,-1.0336,12997733.0,4492045.041,20240802.0,20240802.0,20240802
2024-08-05,510300.SH,3.447,3.431,3.474,3.407,3.408,-0.039,-1.1314,20183109.38,6920794.41,20240805.0,20240805.0,20240805
2024-08-06,510300.SH,3.408,3.428,3.438,3.381,3.408,0.0,0.0,12936275.3,4403870.273,20240806.0,20240806.0,20240806
2024-08-07,510300.SH,3.408,3.401,3.425,3.391,3.401,-0.007,-0.2054,6125437.96,2088374.404,20240807.0,20240807.0,20240807
2024-08-08,510300.SH,3.401,3.396,3.429,3.383,3.405,0.004,0.1176,8541072.31,2910131.505,20240808.0,20240808.0,20240808
2024-08-09,510300.SH,3.405,3.416,3.43,3.392,3.393,-0.012,-0.3524,6040535.82,2060032.809,20240809.0,20240809.0,20240809
2024-08-12,510300.SH,3.393,3.391,3.402,3.383,3.389,-0.004,-0.1179,5102199.75,1730501.718,20240812.0,20240812.0,20240812
2024-08-13,510300.SH,3.389,3.391,3.398,3.372,3.394,0.005,0.1475,6958063.0,2355493.509,20240813.0,20240813.0,20240813
2024-08-14,510300.SH,3.394,3.395,3.395,3.369,3.37,-0.024,-0.7071,5610998.0,1895836.817,20240814.0,20240814.0,20240814
2024-08-15,510300.SH,3.37,3.365,3.423,3.361,3.408,0.038,1.1276,19046381.08,6477429.75,20240815.0,20240815.0,20240815
2024-08-16,510300.SH,3.408,3.404,3.422,3.398,3.41,0.002,0.0587,16407617.08,5598868.064,20240816.0,20240816.0,20240816
2024-08-19,510300.SH,3.41,3.409,3.444,3.407,3.419,0.009,0.2639,7478253.18,2564014.063,20240819.0,20240819.0,20240819
2024-08-20,510300.SH,3.419,3.424,3.426,3.388,3.403,-0.016,-0.468,15944748.48,5419638.977,20240820.0,20240820.0,20240820
2024-08-21,510300.SH,3.403,3.391,3.406,3.374,3.388,-0.015,-0.4408,10553698.05,3580301.585,20240821.0,20240821.0,20240821
2024-08-22,510300.SH,3.388,3.39,3.395,3.371,3.379,-0.009,-0.2656,12504794.15,4229630.78,20240822.0,20240822.0,20240822
2024-08-23,510300.SH,3.379,3.371,3.405,3.371,3.393,0.014,0.4143,8203428.0,2781431.192,20240823.0,20240823.0,20240823
2024-08-26,510300.SH,3.393,3.395,3.407,3.378,3.394,0.001,0.0295,14006799.14,4747763.549,20240826.0,20240826.0,20240826
2024-08-27,510300.SH,3.394,3.387,3.39,3.367,3.377,-0.017,-0.5009,12142200.97,4098131.754,20240827.0,20240827.0,20240827
2024-08-28,510300.SH,3.377,3.37,3.377,3.345,3.357,-0.02,-0.5922,19955802.76,6698906.857,20240828.0,20240828.0,20240828
2024-08-29,510300.SH,3.357,3.349,3.362,3.34,3.347,-0.01,-0.2979,15082477.43,5052924.865,20240829.0,20240829.0,20240829
2024-08-30,510300.SH,3.347,3.342,3.423,3.342,3.392,0.045,1.3445,17858998.11,6055678.708,20240830.0,20240830.0,20240830
2024-09-02,510300.SH,3.392,3.381,3.383,3.33,3.332,-0.06,-1.7689,11333065.0,3798026.307,20240902.0,20240902.0,20240902
2024-09-03,510300.SH,3.332,3.33,3.352,3.328,3.344,0.012,0.3601,12935523.08,4323110.376,20240903.0,20240903.0,20240903
2024-09-04,510300.SH,3.344,3.331,3.343,3.321,3.323,-0.021,-0.628,6803058.0,2264442.533,20240904.0,20240904.0,20240904
2024-09-05,510300.SH,3.323,3.326,3.34,3.32,3.33,0.007,0.2107,16005557.57,5326213.535,20240905.0,20240905.0,20240905
2024-09-06,510300.SH,3.33,3.335,3.345,3.3,3.302,-0.028,-0.8408,7933157.0,2635539.673,20240906.0,20240906.0,20240906
2024-09-09,510300.SH,3.302,3.292,3.296,3.25,3.261,-0.041,-1.2417,10188971.04,3333497.562,20240909.0,20240909.0,20240909
2024-09-10,510300.SH,3.261,3.263,3.275,3.239,3.261,0.0,0.0,8666554.38,2821540.043,20240910.0,20240910.0,20240910
2024-09-11,510300.SH,3.261,3.253,3.267,3.241,3.254,-0.007,-0.2147,7808901.93,2540394.225,20240911.0,20240911.0,20240911
2024-09-12,510300.SH,3.254,3.259,3.272,3.241,3.243,-0.011,-0.338,6423793.17,2090444.738,20240912.0,20240912.0,20240912
2024-09-13,510300.SH,3.243,3.245,3.257,3.227,3.228,-0.015,-0.4625,8504680.92,2758508.174,20240913.0,20240913.0,20240913
2024-09-18,510300.SH,3.228,3.227,3.251,3.215,3.238,0.01,0.3098,12254390.69,3961249.915,20240918.0,20240918.0,20240918
2024-09-19,510300.SH,3.238,3.243,3.286,3.216,3.265,0.027,0.8338,16348870.21,5332278.336,20240919.0,20240919.0,20240919
2024-09-20,510300.SH,3.265,3.258,3.279,3.239,3.274,0.009,0.2757,23065619.83,7514201.387,20240920.0,20240920.0,20240920
2024-09-23,510300.SH,3.274,3.269,3.3,3.263,3.283,0.009,0.2749,8973165.34,2948484.47,20240923.0,20240923.0,20240923
2024-09-24,510300.SH,3.283,3.314,3.429,3.293,3.427,0.144,4.3862,39185162.17,13212614.699,20240924.0,20240924.0,20240924
2024-09-25,510300.SH,3.427,3.489,3.544,3.467,3.474,0.047,1.3715,32373469.37,11342949.01,20240925.0,20240925.0,20240925
2024-09-26,510300.SH,3.474,3.468,3.643,3.467,3.64,0.166,4.7784,44429621.41,15792061.339,20240926.0,20240926.0,20240926
2024-09-27,510300.SH,3.64,3.7,3.933,3.67,3.869,0.229,6.2912,25594611.61,9610052.344,20240927.0,20240927.0,20240927
2024-09-30,510300.SH,3.869,4.007,4.24,3.876,4.233,0.364,9.4081,63702340.83,25799279.642,20240930.0,20240930.0,20240930
2024-10-08,510300.SH,4.233,4.656,4.656,4.208,4.412,0.179,4.2287,86298224.38,38303717.305,20241008.0,20241008.0,20241008
2024-10-09,510300.SH,4.412,4.285,4.285,4.005,4.022,-0.39,-8.8395,54091965.72,22450547.643,20241009.0,20241009.0,20241009
2024-10-10,510300.SH,4.022,4.07,4.185,3.999,4.086,0.064,1.5912,37790000.75,15473060.494,20241010.0,20241010.0,20241010
2024-10-11,510300.SH,4.086,4.057,4.06,3.923,3.977,-0.109,-2.6676,40900777.41,16347430.929,20241011.0,20241011.0,20241011
2024-10-14,510300.SH,3.977,3.987,4.06,3.946,4.04,0.063,1.5841,31049317.45,12444027.076,20241014.0,20241014.0,20241014
2024-10-15,510300.SH,4.04,4.014,4.046,3.927,3.931,-0.109,-2.698,26138707.43,10426846.503,20241015.0,20241015.0,20241015
2024-10-16,510300.SH,3.931,3.891,3.96,3.882,3.906,-0.025,-0.636,21611196.28,8450464.021,20241016.0,20241016.0,20241016
2024-10-17,510300.SH,3.906,3.93,3.96,3.862,3.863,-0.043,-1.1009,29354356.21,11450617.81,20241017.0,20241017.0,20241017
2024-10-18,510300.SH,3.863,3.858,4.118,3.846,4.016,0.153,3.9607,36209178.93,14349439.594,20241018.0,20241018.0,20241018
2024-10-21,510300.SH,4.016,4.017,4.06,3.98,4.016,0.0,0.0,25293363.95,10167737.315,20241021.0,20241021.0,20241021
2024-10-22,510300.SH,4.016,4.002,4.046,4.001,4.04,0.024,0.5976,16669244.99,6711416.525,20241022.0,20241022.0,20241022
2024-10-23,510300.SH,4.04,4.04,4.097,4.021,4.055,0.015,0.3713,22666292.09,9196021.921,20241023.0,20241023.0,20241023
2024-10-24,510300.SH,4.055,4.038,4.042,3.993,4.011,-0.044,-1.0851,15982487.21,6418011.399,20241024.0,20241024.0,20241024
2024-10-25,510300.SH,4.011,4.012,4.078,4.003,4.04,0.029,0.723,16852658.2,6801807.389,20241025.0,20241025.0,20241025
2024-10-28,510300.SH,4.04,4.035,4.047,4.0,4.046,0.006,0.1485,13963081.41,5622580.497,20241028.0,20241028.0,20241028
2024-10-29,510300.SH,4.046,4.05,4.079,4.003,4.013,-0.033,-0.8156,17946281.59,7237339.621,20241029.0,20241029.0,20241029
2024-10-30,510300.SH,4.013,4.001,4.011,3.945,3.971,-0.042,-1.0466,18128591.09,7210707.53,20241030.0,20241030.0,20241030
2024-10-31,510300.SH,3.971,3.969,4.007,3.938,3.971,0.0,0.0,17636492.56,7004839.523,20241031.0,20241031.0,20241031
2024-11-01,510300.SH,3.971,3.964,4.018,3.961,3.979,0.008,0.2015,18177560.19,7259471.612,20241101.0,20241101.0,20241101
2024-11-04,510300.SH,3.979,3.982,4.034,3.971,4.032,0.053,1.332,12493143.86,4997179.234,20241104.0,20241104.0,20241104
2024-11-05,510300.SH,4.032,4.024,4.139,4.01,4.137,0.105,2.6042,27630144.44,11308231.751,20241105.0,20241105.0,20241105
2024-11-06,510300.SH,4.137,4.137,4.18,4.085,4.111,-0.026,-0.6285,21734247.6,8976072.158,20241106.0,20241106.0,20241106
2024-11-07,510300.SH,4.111,4.08,4.25,4.076,4.248,0.137,3.3325,27887189.24,11598082.835,20241107.0,20241107.0,20241107
2024-11-08,510300.SH,4.248,4.282,4.29,4.178,4.194,-0.054,-1.2712,28080231.6,11867165.449,20241108.0,20241108.0,20241108
2024-11-11,510300.SH,4.194,4.152,4.219,4.13,4.215,0.021,0.5007,23043651.36,9617369.865,20241111.0,20241111.0,20241111
2024-11-12,510300.SH,4.215,4.21,4.268,4.145,4.169,-0.046,-1.0913,23041667.76,9698713.979,20241112.0,20241112.0,20241112
2024-11-13,510300.SH,4.169,4.15,4.206,4.146,4.195,0.026,0.6237,15727943.47,6569000.903,20241113.0,20241113.0,20241113
2024-11-14,510300.SH,4.195,4.188,4.203,4.117,4.124,-0.071,-1.6925,14438852.6,6015521.584,20241114.0,20241114.0,20241114
2024-11-15,510300.SH,4.124,4.114,4.134,4.05,4.055,-0.069,-1.6731,16769935.42,6875318.302,20241115.0,20241115.0,20241115
2024-11-18,510300.SH,4.055,4.071,4.118,4.013,4.038,-0.017,-0.4192,16100925.84,6552723.785,20241118.0,20241118.0,20241118
2024-11-19,510300.SH,4.038,4.04,4.061,3.981,4.058,0.02,0.4953,16705449.2,6731130.787,20241119.0,20241119.0,20241119
2024-11-20,510300.SH,4.058,4.046,4.085,4.038,4.068,0.01,0.2464,15485304.34,6285302.021,20241120.0,20241120.0,20241120
2024-11-21,510300.SH,4.068,4.06,4.082,4.048,4.073,0.005,0.1229,10454706.81,4249179.703,20241121.0,20241121.0,20241121
2024-11-22,510300.SH,4.073,4.071,4.074,3.946,3.953,-0.12,-2.9462,17571912.5,7058103.342,20241122.0,20241122.0,20241122
2024-11-25,510300.SH,3.953,3.955,3.972,3.894,3.931,-0.022,-0.5565,13590857.69,5349569.691,20241125.0,20241125.0,20241125
2024-11-26,510300.SH,3.931,3.914,3.956,3.913,3.923,-0.008,-0.2035,7847078.86,3086739.74,20241126.0,20241126.0,20241126
2024-11-27,510300.SH,3.923,3.916,3.992,3.901,3.987,0.064,1.6314,14519873.66,5739351.636,20241127.0,20241127.0,20241127
2024-11-28,510300.SH,3.987,3.984,3.989,3.948,3.958,-0.029,-0.7274,10724072.89,4256335.685,20241128.0,20241128.0,20241128
2024-11-29,510300.SH,3.958,3.96,4.047,3.957,4.001,0.043,1.0864,15297716.04,6126864.756,20241129.0,20241129.0,20241129
2024-12-02,510300.SH,4.001,3.997,4.043,3.987,4.031,0.03,0.7498,9816347.81,3948066.718,20241202.0,20241202.0,20241202
2024-12-03,510300.SH,4.031,4.03,4.052,4.005,4.035,0.004,0.0992,15244237.07,6140454.912,20241203.0,20241203.0,20241203
2024-12-04,510300.SH,4.035,4.03,4.041,4.003,4.014,-0.021,-0.5204,10069479.18,4047901.833,20241204.0,20241204.0,20241204
2024-12-05,510300.SH,4.014,4.006,4.022,3.994,4.007,-0.007,-0.1744,7595229.18,3042872.203,20241205.0,20241205.0,20241205
2024-12-06,510300.SH,4.007,4.007,4.085,4.006,4.057,0.05,1.2478,17762293.82,7198784.38,20241206.0,20241206.0,20241206
2024-12-09,510300.SH,4.057,4.054,4.08,4.03,4.054,-0.003,-0.0739,12464186.85,5050072.365,20241209.0,20241209.0,20241209
2024-12-10,510300.SH,4.054,4.179,4.198,4.073,4.085,0.031,0.7647,24827953.11,10257484.391,20241210.0,20241210.0,20241210
2024-12-11,510300.SH,4.085,4.078,4.094,4.065,4.075,-0.01,-0.2448,12587159.73,5136178.221,20241211.0,20241211.0,20241211
2024-12-12,510300.SH,4.075,4.077,4.122,4.066,4.117,0.042,1.0307,13601804.33,5577925.837,20241212.0,20241212.0,20241212
2024-12-13,510300.SH,4.117,4.092,4.092,4.012,4.02,-0.097,-2.3561,23465697.29,9490500.688,20241213.0,20241213.0,20241213
2024-12-16,510300.SH,4.02,4.018,4.021,3.986,3.996,-0.024,-0.597,9893230.74,3956401.792,20241216.0,20241216.0,20241216
2024-12-17,510300.SH,3.996,3.993,4.043,3.991,4.007,0.011,0.2753,13646692.28,5482919.074,20241217.0,20241217.0,20241217
2024-12-18,510300.SH,4.007,4.02,4.039,4.015,4.024,0.017,0.4243,10236096.17,4121893.615,20241218.0,20241218.0,20241218
2024-12-19,510300.SH,4.024,4.0,4.038,3.981,4.03,0.006,0.1491,9903622.11,3977931.242,20241219.0,20241219.0,20241219
2024-12-20,510300.SH,4.03,4.024,4.045,4.012,4.018,-0.012,-0.2978,12230619.86,4921231.692,20241220.0,20241220.0,20241220
2024-12-23,510300.SH,4.018,4.017,4.053,4.015,4.022,0.004,0.0996,14247022.0,5749434.77,20241223.0,20241223.0,20241223
2024-12-24,510300.SH,4.022,4.024,4.076,4.022,4.069,0.047,1.1686,14563434.27,5907574.012,20241224.0,20241224.0,20241224
2024-12-25,510300.SH,4.069,4.072,4.094,4.054,4.072,0.003,0.0737,14181375.0,5775975.676,20241225.0,20241225.0,20241225
2024-12-26,510300.SH,4.072,4.072,4.079,4.056,4.073,0.001,0.0246,9470234.02,3855435.79,20241226.0,20241226.0,20241226
2024-12-27,510300.SH,4.073,4.076,4.099,4.061,4.067,-0.006,-0.1473,10869639.1,4428609.591,20241227.0,20241227.0,20241227
2024-12-30,510300.SH,4.067,4.066,4.093,4.065,4.086,0.019,0.4672,13119334.62,5359063.002,20241230.0,20241230.0,20241230
2024-12-31,510300.SH,4.086,4.087,4.094,4.02,4.022,-0.064,-1.5663,18436187.88,7479851.076,20241231.0,20241231.0,20241231
2025-01-02,510300.SH,4.022,4.02,4.021,3.881,3.909,-0.113,-2.8095,21729803.38,8582891.966,20250102.0,20250102.0,20250102
2025-01-03,510300.SH,3.909,3.909,3.921,3.853,3.869,-0.04,-1.0233,15930225.99,6191152.281,20250103.0,20250103.0,20250103
2025-01-06,510300.SH,3.869,3.865,3.873,3.828,3.853,-0.016,-0.4135,12986739.3,5000830.631,20250106.0,20250106.0,20250106
2025-01-07,510300.SH,3.853,3.845,3.882,3.836,3.88,0.027,0.7008,9689740.0,3741067.135,20250107.0,20250107.0,20250107
2025-01-08,510300.SH,3.88,3.87,3.899,3.815,3.874,-0.006,-0.1546,14097968.11,5440502.616,20250108.0,20250108.0,20250108
2025-01-09,510300.SH,3.874,3.863,3.88,3.857,3.866,-0.008,-0.2065,8060658.05,3119907.404,20250109.0,20250109.0,20250109
2025-01-10,510300.SH,3.866,3.865,3.875,3.822,3.823,-0.043,-1.1123,8265725.0,3179602.825,20250110.0,20250110.0,20250110
2025-01-13,510300.SH,3.823,3.801,3.826,3.793,3.808,-0.015,-0.3924,9493947.0,3613570.705,20250113.0,20250113.0,20250113
2025-01-14,510300.SH,3.808,3.815,3.918,3.809,3.906,0.098,2.5735,16445462.33,6369926.277,20250114.0,20250114.0,20250114
2025-01-15,510300.SH,3.906,3.896,3.904,3.877,3.883,-0.023,-0.5888,7420496.21,2886729.493,20250115.0,20250115.0,20250115
2025-01-16,510300.SH,3.883,3.896,3.933,3.861,3.885,0.002,0.0515,11090051.72,4322396.833,20250116.0,20250116.0,20250116
2025-01-17,510300.SH,3.885,3.875,3.922,3.868,3.898,0.013,0.3346,8476992.95,3304922.19,20250117.0,20250117.0,20250117
2025-01-20,510300.SH,3.898,3.921,3.949,3.908,3.917,0.019,0.4874,9202943.0,3619235.609,20250120.0,20250120.0,20250120
2025-01-21,510300.SH,3.917,3.937,3.941,3.905,3.922,0.005,0.1276,7439264.4,2916284.005,20250121.0,20250121.0,20250121
2025-01-22,510300.SH,3.922,3.916,3.916,3.868,3.886,-0.036,-0.9179,10996806.55,4270106.497,20250122.0,20250122.0,20250122
2025-01-23,510300.SH,3.886,3.915,3.958,3.894,3.897,0.011,0.2831,10385928.39,4075002.566,20250123.0,20250123.0,20250123
2025-01-24,510300.SH,3.897,3.889,3.943,3.883,3.929,0.032,0.8211,11436474.89,4485387.449,20250124.0,20250124.0,20250124
2025-01-27,510300.SH,3.929,3.936,3.945,3.904,3.907,-0.022,-0.5599,13053849.64,5123431.141,20250127.0,20250127.0,20250127
2025-02-05,510300.SH,3.907,3.93,3.934,3.879,3.887,-0.02,-0.5119,7515497.1,2927530.877,20250205.0,20250205.0,20250205
2025-02-06,510300.SH,3.887,3.884,3.937,3.881,3.932,0.045,1.1577,13886364.82,5435915.349,20250206.0,20250206.0,20250206
2025-02-07,510300.SH,3.932,3.933,4.014,3.926,3.988,0.056,1.4242,19306313.73,7669642.167,20250207.0,20250207.0,20250207
2025-02-10,510300.SH,3.988,3.989,4.0,3.974,3.992,0.004,0.1003,12672645.5,5055466.09,20250210.0,20250210.0,20250210
2025-02-11,510300.SH,3.992,3.997,3.998,3.963,3.976,-0.016,-0.4008,9990358.89,3973032.663,20250211.0,20250211.0,20250211
2025-02-12,510300.SH,3.976,3.974,4.019,3.96,4.014,0.038,0.9557,9789536.64,3903102.518,20250212.0,20250212.0,20250212
2025-02-13,510300.SH,4.014,4.009,4.034,3.998,4.004,-0.01,-0.2491,11758226.96,4719508.133,20250213.0,20250213.0,20250213
2025-02-14,510300.SH,4.004,4.0,4.04,3.997,4.034,0.03,0.7493,12924286.8,5196144.834,20250214.0,20250214.0,20250214
2025-02-17,510300.SH,4.034,4.044,4.053,4.012,4.041,0.007,0.1735,13341020.06,5380966.546,20250217.0,20250217.0,20250217
2025-02-18,510300.SH,4.041,4.035,4.058,3.996,4.012,-0.029,-0.7176,12465910.63,5027787.885,20250218.0,20250218.0,20250218
2025-02-19,510300.SH,4.012,4.005,4.041,4.0,4.033,0.021,0.5234,10190768.58,4102654.822,20250219.0,20250219.0,20250219
2025-02-20,510300.SH,4.033,4.029,4.033,4.008,4.021,-0.012,-0.2975,10186034.98,4094980.472,20250220.0,20250220.0,20250220
2025-02-21,510300.SH,4.021,4.032,4.08,4.02,4.075,0.054,1.3429,14372665.14,5834090.272,20250221.0,20250221.0,20250221
2025-02-24,510300.SH,4.075,4.07,4.089,4.041,4.062,-0.013,-0.319,15385782.18,6256202.737,20250224.0,20250224.0,20250224
2025-02-25,510300.SH,4.062,4.035,4.051,4.008,4.021,-0.041,-1.0094,8924899.91,3596194.905,20250225.0,20250225.0,20250225
2025-02-26,510300.SH,4.021,4.028,4.055,4.019,4.054,0.033,0.8207,13456581.33,5430499.637,20250226.0,20250226.0,20250226
2025-02-27,510300.SH,4.054,4.056,4.069,4.028,4.067,0.013,0.3207,11285856.42,4570197.712,20250227.0,20250227.0,20250227
2025-02-28,510300.SH,4.067,4.049,4.065,3.982,3.994,-0.073,-1.7949,13293340.0,5343803.359,20250228.0,20250228.0,20250228
2025-03-03,510300.SH,3.994,3.995,4.027,3.966,3.981,-0.013,-0.3255,11457686.13,4581300.848,20250303.0,20250303.0,20250303
2025-03-04,510300.SH,3.981,3.96,3.984,3.952,3.977,-0.004,-0.1005,10121847.7,4019370.464,20250304.0,20250304.0,20250304
2025-03-05,510300.SH,3.977,3.98,3.999,3.968,3.994,0.017,0.4275,11919016.42,4748819.507,20250305.0,20250305.0,20250305
2025-03-06,510300.SH,3.994,4.015,4.062,4.011,4.049,0.055,1.3771,13710078.79,5540793.752,20250306.0,20250306.0,20250306
2025-03-07,510300.SH,4.049,4.04,4.061,4.03,4.039,-0.01,-0.247,11559970.84,4671741.021,20250307.0,20250307.0,20250307
2025-03-10,510300.SH,4.039,4.037,4.042,3.999,4.023,-0.016,-0.3961,14427836.88,5792520.821,20250310.0,20250310.0,20250310
2025-03-11,510300.SH,4.023,3.994,4.036,3.99,4.035,0.012,0.2983,10029170.03,4027510.341,20250311.0,20250311.0,20250311
2025-03-12,510300.SH,4.035,4.038,4.05,4.018,4.025,-0.01,-0.2478,6092316.81,2456951.615,20250312.0,20250312.0,20250312
2025-03-13,510300.SH,4.025,4.024,4.033,3.993,4.005,-0.02,-0.4969,6410438.04,2572874.364,20250313.0,20250313.0,20250313
2025-03-14,510300.SH,4.005,4.012,4.113,4.01,4.106,0.101,2.5218,19037183.28,7767222.868,20250314.0,20250314.0,20250314
2025-03-17,510300.SH,4.106,4.118,4.123,4.088,4.094,-0.012,-0.2923,11330420.29,4647468.37,20250317.0,20250317.0,20250317
2025-03-18,510300.SH,4.094,4.108,4.115,4.091,4.103,0.009,0.2198,8114043.23,3329371.908,20250318.0,20250318.0,20250318
2025-03-19,510300.SH,4.103,4.098,4.121,4.084,4.109,0.006,0.1462,8798312.86,3609853.058,20250319.0,20250319.0,20250319
2025-03-20,510300.SH,4.109,4.109,4.109,4.068,4.076,-0.033,-0.8031,8751425.61,3573521.339,20250320.0,20250320.0,20250320
2025-03-21,510300.SH,4.076,4.063,4.079,4.0,4.01,-0.066,-1.6192,10149156.77,4092584.085,20250321.0,20250321.0,20250321
2025-03-24,510300.SH,4.01,4.009,4.031,4.004,4.027,0.017,0.4239,7912220.86,3179823.658,20250324.0,20250324.0,20250324
2025-03-25,510300.SH,4.027,4.028,4.039,4.017,4.029,0.002,0.0497,6115316.44,2463223.975,20250325.0,20250325.0,20250325
2025-03-26,510300.SH,4.029,4.025,4.04,4.01,4.013,-0.016,-0.3971,7742553.85,3114333.33,20250326.0,20250326.0,20250326
2025-03-27,510300.SH,4.013,4.011,4.05,3.995,4.027,0.014,0.3489,8015251.64,3224972.886,20250327.0,20250327.0,20250327
2025-03-28,510300.SH,4.027,4.027,4.029,4.0,4.008,-0.019,-0.4718,7043047.91,2826192.921,20250328.0,20250328.0,20250328
2025-03-31,510300.SH,4.008,4.004,4.024,3.969,3.984,-0.024,-0.5988,9021728.63,3600807.135,20250331.0,20250331.0,20250331
2025-04-01,510300.SH,3.984,3.988,4.003,3.979,3.982,-0.002,-0.0502,6150155.41,2452333.015,20250401.0,20250401.0,20250401
2025-04-02,510300.SH,3.982,3.983,3.996,3.971,3.979,-0.003,-0.0753,6291176.0,2505793.835,20250402.0,20250402.0,20250402
2025-04-03,510300.SH,3.979,3.948,3.98,3.943,3.959,-0.02,-0.5026,11143307.92,4411676.416,20250403.0,20250403.0,20250403
2025-04-07,510300.SH,3.959,3.8,3.84,3.604,3.695,-0.264,-6.6684,65609880.0,24314516.116,20250407.0,20250407.0,20250407
2025-04-08,510300.SH,3.695,3.698,3.739,3.671,3.73,0.035,0.9472,58535332.99,21668647.143,20250408.0,20250408.0,20250408
2025-04-09,510300.SH,3.73,3.695,3.774,3.678,3.766,0.036,0.9651,16982014.19,6334479.041,20250409.0,20250409.0,20250409
2025-04-10,510300.SH,3.766,3.817,3.847,3.798,3.829,0.063,1.6729,14296316.63,5465041.115,20250410.0,20250410.0,20250410
2025-04-11,510300.SH,3.829,3.81,3.851,3.8,3.84,0.011,0.2873,8619841.87,3298517.131,20250411.0,20250411.0,20250411
2025-04-14,510300.SH,3.84,3.859,3.865,3.842,3.848,0.008,0.2083,9415709.83,3627429.751,20250414.0,20250414.0,20250414
2025-04-15,510300.SH,3.848,3.844,3.857,3.825,3.851,0.003,0.078,9817934.77,3773853.446,20250415.0,20250415.0,20250415
2025-04-16,510300.SH,3.851,3.841,3.869,3.811,3.86,0.009,0.2337,21771337.4,8373466.072,20250416.0,20250416.0,20250416
2025-04-17,510300.SH,3.86,3.842,3.871,3.841,3.863,0.003,0.0777,13873405.98,5357723.628,20250417.0,20250417.0,20250417
2025-04-18,510300.SH,3.863,3.857,3.879,3.847,3.873,0.01,0.2589,13780507.39,5327127.532,20250418.0,20250418.0,20250418
2025-04-21,510300.SH,3.873,3.865,3.886,3.857,3.875,0.002,0.0516,7126315.13,2762708.291,20250421.0,20250421.0,20250421
2025-04-22,510300.SH,3.875,3.875,3.893,3.873,3.878,0.003,0.0774,7520436.09,2919236.921,20250422.0,20250422.0,20250422
2025-04-23,510300.SH,3.878,3.892,3.907,3.873,3.882,0.004,0.1031,6155040.94,2391310.228,20250423.0,20250423.0,20250423
2025-04-24,510300.SH,3.882,3.882,3.903,3.871,3.882,0.0,0.0,4873614.69,1894334.207,20250424.0,20250424.0,20250424
2025-04-25,510300.SH,3.882,3.887,3.899,3.875,3.882,0.0,0.0,5771934.8,2243036.186,20250425.0,20250425.0,20250425
2025-04-28,510300.SH,3.882,3.883,3.886,3.864,3.876,-0.006,-0.1546,6247090.3,2421364.302,20250428.0,20250428.0,20250428
2025-04-29,510300.SH,3.876,3.874,3.88,3.862,3.869,-0.007,-0.1806,4947349.86,1914265.261,20250429.0,20250429.0,20250429
2025-04-30,510300.SH,3.869,3.87,3.886,3.864,3.866,-0.003,-0.0775,5004536.84,1937487.287,20250430.0,20250430.0,20250430
2025-05-06,510300.SH,3.866,3.886,3.906,3.88,3.903,0.037,0.9571,7178253.09,2795762.534,20250506.0,20250506.0,20250506
2025-05-07,510300.SH,3.903,3.95,3.962,3.91,3.927,0.024,0.6149,10470811.71,4110994.908,20250507.0,20250507.0,20250507
2025-05-08,510300.SH,3.927,3.918,3.966,3.918,3.95,0.023,0.5857,7820057.19,3087094.214,20250508.0,20250508.0,20250508
2025-05-09,510300.SH,3.95,3.946,3.95,3.932,3.945,-0.005,-0.1266,6933748.29,2734071.47,20250509.0,20250509.0,20250509
2025-05-12,510300.SH,3.945,3.963,3.992,3.957,3.99,0.045,1.1407,8365002.29,3327197.559,20250512.0,20250512.0,20250512
2025-05-13,510300.SH,3.99,4.011,4.012,3.988,3.994,0.004,0.1003,7934009.17,3170416.334,20250513.0,20250513.0,20250513
2025-05-14,510300.SH,3.994,3.995,4.066,3.992,4.045,0.051,1.2769,12147902.18,4893477.242,20250514.0,20250514.0,20250514
2025-05-15,510300.SH,4.045,4.038,4.041,4.004,4.011,-0.034,-0.8405,8177223.75,3287897.242,20250515.0,20250515.0,20250515
2025-05-16,510300.SH,4.011,4.002,4.009,3.977,3.989,-0.022,-0.5485,7302837.31,2913902.471,20250516.0,20250516.0,20250516
2025-05-19,510300.SH,3.989,3.984,3.988,3.965,3.983,-0.006,-0.1504,5562980.93,2212057.936,20250519.0,20250519.0,20250519
2025-05-20,510300.SH,3.983,3.984,4.016,3.98,4.003,0.02,0.5021,5499874.79,2198868.086,20250520.0,20250520.0,20250520
2025-05-21,510300.SH,4.003,4.004,4.031,4.003,4.019,0.016,0.3997,5606031.33,2253851.046,20250521.0,20250521.0,20250521
2025-05-22,510300.SH,4.019,4.018,4.027,4.003,4.017,-0.002,-0.0498,4919320.09,1975447.858,20250522.0,20250522.0,20250522
2025-05-23,510300.SH,4.017,4.012,4.039,3.987,3.988,-0.029,-0.7219,8450890.7,3391996.057,20250523.0,20250523.0,20250523
2025-05-26,510300.SH,3.988,3.982,3.993,3.956,3.967,-0.021,-0.5266,7404857.19,2939168.237,20250526.0,20250526.0,20250526
2025-05-27,510300.SH,3.967,3.965,3.969,3.939,3.946,-0.021,-0.5294,5782884.0,2285272.068,20250527.0,20250527.0,20250527
2025-05-28,510300.SH,3.946,3.947,3.956,3.938,3.942,-0.004,-0.1014,5399201.66,2130111.536,20250528.0,20250528.0,20250528
2025-05-29,510300.SH,3.942,3.945,3.979,3.939,3.966,0.024,0.6088,8910394.42,3531865.335,20250529.0,20250529.0,20250529
2025-05-30,510300.SH,3.966,3.959,3.964,3.932,3.959,-0.007,-0.1765,7370307.41,2910576.351,20250530.0,20250530.0,20250530
2025-06-03,510300.SH,3.959,3.946,3.972,3.942,3.957,-0.002,-0.0505,5967867.98,2361902.723,20250603.0,20250603.0,20250603
2025-06-04,510300.SH,3.957,3.959,3.985,3.958,3.974,0.017,0.4296,4645433.5,1846404.388,20250604.0,20250604.0,20250604
2025-06-05,510300.SH,3.974,3.978,3.994,3.967,3.984,0.01,0.2516,5319657.33,2116243.913,20250605.0,20250605.0,20250605
2025-06-06,510300.SH,3.984,3.987,3.999,3.978,3.986,0.002,0.0502,4888807.95,1948178.948,20250606.0,20250606.0,20250606
2025-06-09,510300.SH,3.986,3.989,4.01,3.984,3.995,0.009,0.2258,5810981.78,2322756.628,20250609.0,20250609.0,20250609
2025-06-10,510300.SH,3.995,3.997,4.005,3.958,3.972,-0.023,-0.5757,7710517.7,3069054.93,20250610.0,20250610.0,20250610
2025-06-11,510300.SH,3.972,3.974,4.024,3.974,4.004,0.032,0.8056,11035095.25,4422015.632,20250611.0,20250611.0,20250611
2025-06-12,510300.SH,4.004,3.998,4.013,3.98,4.006,0.002,0.05,6900871.51,2758909.222,20250612.0,20250612.0,20250612
2025-06-13,510300.SH,4.006,3.998,4.002,3.967,3.98,-0.026,-0.649,6980168.32,2779843.23,20250613.0,20250613.0,20250613
2025-06-16,510300.SH,3.98,3.974,3.994,3.971,3.99,0.01,0.2513,6493267.44,2586770.171,20250616.0,20250616.0,20250616
2025-06-17,510300.SH,3.99,3.991,3.997,3.974,3.989,-0.001,-0.0251,4828913.0,1925078.391,20250617.0,20250617.0,20250617
2025-06-18,510300.SH,3.901,3.903,3.91,3.882,3.904,0.003,0.0769,4808034.1,1874167.101,20250618.0,20250618.0,20250618
2025-06-19,510300.SH,3.904,3.898,3.899,3.863,3.873,-0.031,-0.7941,6007885.72,2331339.243,20250619.0,20250619.0,20250619
2025-06-20,510300.SH,3.873,3.872,3.888,3.871,3.878,0.005,0.1291,4230441.4,1641824.026,20250620.0,20250620.0,20250620
2025-06-23,510300.SH,3.878,3.869,3.902,3.862,3.891,0.013,0.3352,7492447.14,2908735.828,20250623.0,20250623.0,20250623
2025-06-24,510300.SH,3.891,3.896,3.95,3.896,3.936,0.045,1.1565,12245548.8,4815432.117,20250624.0,20250624.0,20250624
2025-06-25,510300.SH,3.936,3.939,4.003,3.935,4.001,0.065,1.6514,17241161.22,6841352.725,20250625.0,20250625.0,20250625
2025-06-26,510300.SH,4.001,3.995,4.004,3.985,3.986,-0.015,-0.3749,9379678.72,3745893.284,20250626.0,20250626.0,20250626
2025-06-27,510300.SH,3.986,3.99,4.013,3.958,3.963,-0.023,-0.577,10696913.83,4258505.726,20250627.0,20250627.0,20250627
2025-06-30,510300.SH,3.963,3.961,3.985,3.956,3.982,0.019,0.4794,10819589.96,4300171.928,20250630.0,20250630.0,20250630
2025-07-01,510300.SH,3.982,3.98,3.992,3.969,3.988,0.006,0.1507,6406860.95,2551468.709,20250701.0,20250701.0,20250701
2025-07-02,510300.SH,3.988,3.985,3.999,3.975,3.992,0.004,0.1003,5188835.09,2069608.324,20250702.0,20250702.0,20250702
2025-07-03,510300.SH,3.992,3.994,4.02,3.991,4.015,0.023,0.5762,6863819.03,2748927.253,20250703.0,20250703.0,20250703
2025-07-04,510300.SH,4.015,4.011,4.065,4.004,4.032,0.017,0.4234,10525620.84,4241383.565,20250704.0,20250704.0,20250704
2025-07-07,510300.SH,4.032,4.026,4.032,4.005,4.014,-0.018,-0.4464,4022514.4,1614976.763,20250707.0,20250707.0,20250707
2025-07-08,510300.SH,4.014,4.016,4.056,4.013,4.048,0.034,0.847,6122487.38,2473798.113,20250708.0,20250708.0,20250708
2025-07-09,510300.SH,4.048,4.048,4.069,4.04,4.045,-0.003,-0.0741,6476608.04,2626402.688,20250709.0,20250709.0,20250709
2025-07-10,510300.SH,4.045,4.045,4.09,4.044,4.065,0.02,0.4944,6323876.67,2569715.942,20250710.0,20250710.0,20250710
2025-07-11,510300.SH,4.065,4.066,4.13,4.065,4.079,0.014,0.3444,12648551.46,5184103.11,20250711.0,20250711.0,20250711
2025-07-14,510300.SH,4.079,4.078,4.094,4.076,4.078,-0.001,-0.0245,8205478.85,3351107.668,20250714.0,20250714.0,20250714
2025-07-15,510300.SH,4.078,4.082,4.104,4.053,4.078,0.0,0.0,8074813.46,3292797.65,20250715.0,20250715.0,20250715
2025-07-16,510300.SH,4.078,4.079,4.093,4.056,4.069,-0.009,-0.2207,4791818.89,1951853.024,20250716.0,20250716.0,20250716
2025-07-17,510300.SH,4.069,4.069,4.103,4.068,4.102,0.033,0.811,5978225.33,2443096.232,20250717.0,20250717.0,20250717
2025-07-18,510300.SH,4.102,4.108,4.136,4.105,4.132,0.03,0.7314,7131296.16,2940955.208,20250718.0,20250718.0,20250718
2025-07-21,510300.SH,4.132,4.137,4.16,4.134,4.157,0.025,0.605,7674613.25,3184284.274,20250721.0,20250721.0,20250721
2025-07-22,510300.SH,4.157,4.159,4.203,4.142,4.201,0.044,1.0585,10821090.5,4516788.944,20250722.0,20250722.0,20250722
2025-07-23,510300.SH,4.201,4.204,4.234,4.188,4.199,-0.002,-0.0476,9947315.31,4188253.0,20250723.0,20250723.0,20250723
2025-07-24,510300.SH,4.199,4.195,4.228,4.19,4.225,0.026,0.6192,8852359.51,3729028.292,20250724.0,20250724.0,20250724
2025-07-25,510300.SH,4.225,4.225,4.225,4.193,4.203,-0.022,-0.5207,8200859.76,3452281.674,20250725.0,20250725.0,20250725
2025-07-28,510300.SH,4.203,4.203,4.223,4.186,4.214,0.011,0.2617,6027712.97,2535151.857,20250728.0,20250728.0,20250728
2025-07-29,510300.SH,4.214,4.208,4.236,4.192,4.235,0.021,0.4983,8059785.53,3395606.595,20250729.0,20250729.0,20250729
2025-07-30,510300.SH,4.235,4.227,4.265,4.207,4.232,-0.003,-0.0708,9502521.56,4023783.503,20250730.0,20250730.0,20250730
2025-07-31,510300.SH,4.232,4.221,4.221,4.142,4.155,-0.077,-1.8195,11229125.75,4687659.264,20250731.0,20250731.0,20250731
2025-08-01,510300.SH,4.155,4.148,4.162,4.118,4.133,-0.022,-0.5295,6115671.02,2531113.831,20250801.0,20250801.0,20250801
2025-08-04,510300.SH,4.133,4.122,4.154,4.117,4.152,0.019,0.4597,4355672.0,1801388.564,20250804.0,20250804.0,20250804
2025-08-05,510300.SH,4.152,4.154,4.185,4.151,4.183,0.031,0.7466,5480680.72,2282989.18,20250805.0,20250805.0,20250805
2025-08-06,510300.SH,4.183,4.181,4.199,4.176,4.194,0.011,0.263,4089449.07,1713095.761,20250806.0,20250806.0,20250806
2025-08-07,510300.SH,4.194,4.196,4.21,4.171,4.193,-0.001,-0.0238,5339656.16,2236786.69,20250807.0,20250807.0,20250807
2025-08-08,510300.SH,4.193,4.188,4.201,4.175,4.183,-0.01,-0.2385,4230624.0,1771777.749,20250808.0,20250808.0,20250808
2025-08-11,510300.SH,4.183,4.183,4.218,4.183,4.202,0.019,0.4542,6881518.92,2891923.703,20250811.0,20250811.0,20250811
2025-08-12,510300.SH,4.202,4.2,4.237,4.2,4.228,0.026,0.6188,4824872.1,2036818.306,20250812.0,20250812.0,20250812
2025-08-13,510300.SH,4.228,4.234,4.272,4.229,4.263,0.035,0.8278,7588408.13,3227703.467,20250813.0,20250813.0,20250813
2025-08-14,510300.SH,4.263,4.265,4.303,4.248,4.256,-0.007,-0.1642,8879343.79,3797429.985,20250814.0,20250814.0,20250814
2025-08-15,510300.SH,4.256,4.242,4.302,4.24,4.295,0.039,0.9164,10718339.47,4584387.161,20250815.0,20250815.0,20250815
2025-08-18,510300.SH,4.295,4.298,4.36,4.285,4.327,0.032,0.7451,10092475.34,4362087.157,20250818.0,20250818.0,20250818
2025-08-19,510300.SH,4.327,4.326,4.347,4.297,4.305,-0.022,-0.5084,7743324.31,3347920.291,20250819.0,20250819.0,20250819
2025-08-20,510300.SH,4.305,4.295,4.365,4.267,4.364,0.059,1.3705,13784165.63,5938089.045,20250820.0,20250820.0,20250820
2025-08-21,510300.SH,4.364,4.368,4.394,4.358,4.378,0.014,0.3208,9130024.68,3997377.735,20250821.0,20250821.0,20250821
2025-08-22,510300.SH,4.378,4.375,4.484,4.374,4.479,0.101,2.307,13602634.2,6031204.221,20250822.0,20250822.0,20250822
2025-08-25,510300.SH,4.479,4.501,4.572,4.497,4.565,0.086,1.9201,14560918.26,6599627.199,20250825.0,20250825.0,20250825
2025-08-26,510300.SH,4.565,4.554,4.572,4.527,4.541,-0.024,-0.5257,11142941.46,5068845.227,20250826.0,20250826.0,20250826
2025-08-27,510300.SH,4.541,4.541,4.585,4.473,4.475,-0.066,-1.4534,14126904.04,6408311.259,20250827.0,20250827.0,20250827
2025-08-28,510300.SH,4.475,4.469,4.561,4.452,4.559,0.084,1.8771,12764156.94,5746035.433,20250828.0,20250828.0,20250828
2025-08-29,510300.SH,4.559,4.55,4.613,4.54,4.601,0.042,0.9213,13550573.64,6208498.37,20250829.0,20250829.0,20250829
2025-09-01,510300.SH,4.601,4.607,4.624,4.58,4.616,0.015,0.326,11939866.71,5495420.182,20250901.0,20250901.0,20250901
2025-09-02,510300.SH,4.616,4.613,4.643,4.55,4.59,-0.026,-0.5633,10344121.86,4755250.317,20250902.0,20250902.0,20250902
2025-09-03,510300.SH,4.59,4.592,4.609,4.52,4.549,-0.041,-0.8932,9188624.72,4187703.184,20250903.0,20250903.0,20250903
2025-09-04,510300.SH,4.549,4.546,4.555,4.416,4.456,-0.093,-2.0444,14208228.33,6352441.03,20250904.0,20250904.0,20250904
2025-09-05,510300.SH,4.456,4.45,4.563,4.442,4.554,0.098,2.1993,10603324.74,4780253.83,20250905.0,20250905.0,20250905
2025-09-08,510300.SH,4.554,4.554,4.573,4.524,4.555,0.001,0.022,10340219.93,4701185.135,20250908.0,20250908.0,20250908
2025-09-09,510300.SH,4.555,4.545,4.564,4.502,4.528,-0.027,-0.5928,6803545.36,3084847.254,20250909.0,20250909.0,20250909
2025-09-10,510300.SH,4.528,4.526,4.562,4.507,4.538,0.01,0.2208,6086583.32,2761984.289,20250910.0,20250910.0,20250910
2025-09-11,510300.SH,4.538,4.527,4.662,4.517,4.66,0.122,2.6884,9783418.22,4504295.39,20250911.0,20250911.0,20250911
2025-09-12,510300.SH,4.66,4.662,4.664,4.615,4.621,-0.039,-0.8369,9158580.27,4251540.392,20250912.0,20250912.0,20250912
2025-09-15,510300.SH,4.621,4.622,4.662,4.614,4.629,0.008,0.1731,7211915.18,3346337.207,20250915.0,20250915.0,20250915
2025-09-16,510300.SH,4.629,4.632,4.652,4.591,4.62,-0.009,-0.1944,7889033.61,3642646.55,20250916.0,20250916.0,20250916
2025-09-17,510300.SH,4.62,4.615,4.659,4.599,4.653,0.033,0.7143,7154078.82,3315621.289,20250917.0,20250917.0,20250917
2025-09-18,510300.SH,4.653,4.655,4.676,4.554,4.594,-0.059,-1.268,11873727.1,5488692.045,20250918.0,20250918.0,20250918
2025-09-19,510300.SH,4.594,4.59,4.633,4.587,4.604,0.01,0.2177,7316138.11,3369611.818,20250919.0,20250919.0,20250919
2025-09-22,510300.SH,4.604,4.604,4.621,4.582,4.619,0.015,0.3258,6292766.23,2896946.428,20250922.0,20250922.0,20250922
2025-09-23,510300.SH,4.619,4.627,4.656,4.558,4.622,0.003,0.0649,10550001.35,4859849.641,20250923.0,20250923.0,20250923
2025-09-24,510300.SH,4.622,4.597,4.664,4.596,4.663,0.041,0.8871,10044858.67,4656117.026,20250924.0,20250924.0,20250924
2025-09-25,510300.SH,4.663,4.663,4.718,4.657,4.695,0.032,0.6863,7713362.31,3614405.601,20250925.0,20250925.0,20250925
2025-09-26,510300.SH,4.695,4.677,4.699,4.65,4.651,-0.044,-0.9372,7153059.37,3344592.886,20250926.0,20250926.0,20250926
2025-09-29,510300.SH,4.651,4.648,4.755,4.64,4.728,0.077,1.6556,11954365.2,5620190.347,20250929.0,20250929.0,20250929
2025-09-30,510300.SH,4.728,4.734,4.75,4.72,4.741,0.013,0.275,7403809.27,3508639.995,20250930.0,20250930.0,20250930
2025-10-09,510300.SH,4.741,4.754,4.836,4.75,4.816,0.075,1.5819,8970906.08,4308933.449,20251009.0,20251009.0,20251009
2025-10-10,510300.SH,4.816,4.787,4.794,4.704,4.719,-0.097,-2.0141,11746425.59,5581932.563,20251010.0,20251010.0,20251010
2025-10-13,510300.SH,4.719,4.598,4.704,4.596,4.692,-0.027,-0.5722,9658361.87,4499844.601,20251013.0,20251013.0,20251013
2025-10-14,510300.SH,4.692,4.725,4.74,4.62,4.645,-0.047,-1.0017,11619095.16,5445976.98,20251014.0,20251014.0,20251014
2025-10-15,510300.SH,4.645,4.648,4.715,4.627,4.706,0.061,1.3132,9974012.76,4649845.988,20251015.0,20251015.0,20251015
2025-10-16,510300.SH,4.706,4.689,4.747,4.689,4.721,0.015,0.3187,8124633.37,3835512.324,20251016.0,20251016.0,20251016
2025-10-17,510300.SH,4.721,4.715,4.724,4.612,4.624,-0.097,-2.0546,8400582.05,3909864.092,20251017.0,20251017.0,20251017
2025-10-20,510300.SH,4.624,4.651,4.678,4.624,4.64,0.016,0.346,7644178.05,3554256.321,20251020.0,20251020.0,20251020
2025-10-21,510300.SH,4.64,4.656,4.723,4.652,4.71,0.07,1.5086,9598685.19,4511371.971,20251021.0,20251021.0,20251021
2025-10-22,510300.SH,4.71,4.69,4.708,4.668,4.695,-0.015,-0.3185,5544841.98,2601506.365,20251022.0,20251022.0,20251022
2025-10-23,510300.SH,4.695,4.687,4.719,4.642,4.713,0.018,0.3834,6993428.41,3267824.361,20251023.0,20251023.0,20251023
2025-10-24,510300.SH,4.713,4.728,4.772,4.727,4.77,0.057,1.2094,8653036.18,4110591.097,20251024.0,20251024.0,20251024
2025-10-27,510300.SH,4.77,4.808,4.831,4.796,4.826,0.056,1.174,7585249.12,3652922.851,20251027.0,20251027.0,20251027
2025-10-28,510300.SH,4.826,4.815,4.85,4.792,4.802,-0.024,-0.4973,7259491.38,3497088.82,20251028.0,20251028.0,20251028
2025-10-29,510300.SH,4.802,4.81,4.864,4.81,4.862,0.06,1.2495,6792783.56,3284668.925,20251029.0,20251029.0,20251029
2025-10-30,510300.SH,4.862,4.858,4.874,4.816,4.823,-0.039,-0.8021,8164618.54,3955485.339,20251030.0,20251030.0,20251030
2025-10-31,510300.SH,4.823,4.819,4.826,4.755,4.756,-0.067,-1.3892,14325686.2,6851751.22,20251031.0,20251031.0,20251031
2025-11-03,510300.SH,4.756,4.752,4.767,4.705,4.763,0.007,0.1472,7759881.37,3674194.55,20251103.0,20251103.0,20251103
2025-11-04,510300.SH,4.763,4.76,4.773,4.706,4.729,-0.034,-0.7138,12015243.29,5708778.783,20251104.0,20251104.0,20251104
2025-11-05,510300.SH,4.729,4.692,4.751,4.668,4.735,0.006,0.1269,7633532.85,3599158.874,20251105.0,20251105.0,20251105
2025-11-06,510300.SH,4.735,4.742,4.813,4.742,4.805,0.07,1.4784,7326649.05,3506780.405,20251106.0,20251106.0,20251106
2025-11-07,510300.SH,4.805,4.79,4.812,4.774,4.795,-0.01,-0.2081,5392555.53,2584816.479,20251107.0,20251107.0,20251107
2025-11-10,510300.SH,4.795,4.797,4.811,4.763,4.807,0.012,0.2503,4483488.44,2146884.969,20251110.0,20251110.0,20251110
2025-11-11,510300.SH,4.807,4.814,4.824,4.757,4.763,-0.044,-0.9153,5651935.63,2702663.134,20251111.0,20251111.0,20251111
2025-11-12,510300.SH,4.763,4.754,4.783,4.731,4.765,0.002,0.042,5236906.75,2491775.456,20251112.0,20251112.0,20251112
2025-11-13,510300.SH,4.765,4.757,4.815,4.752,4.812,0.047,0.9864,6459560.59,3096198.221,20251113.0,20251113.0,20251113
2025-11-14,510300.SH,4.812,4.785,4.796,4.739,4.741,-0.071,-1.4755,5936317.15,2832605.947,20251114.0,20251114.0,20251114
2025-11-17,510300.SH,4.741,4.73,4.74,4.691,4.71,-0.031,-0.6539,7524669.29,3545084.093,20251117.0,20251117.0,20251117
2025-11-18,510300.SH,4.71,4.7,4.717,4.664,4.683,-0.027,-0.5732,8568239.33,4018390.178,20251118.0,20251118.0,20251118
2025-11-19,510300.SH,4.683,4.678,4.717,4.678,4.697,0.014,0.299,8569614.94,4026545.623,20251119.0,20251119.0,20251119
2025-11-20,510300.SH,4.697,4.724,4.729,4.673,4.676,-0.021,-0.4471,5619395.01,2644705.315,20251120.0,20251120.0,20251120
2025-11-21,510300.SH,4.676,4.645,4.654,4.562,4.564,-0.112,-2.3952,14964004.1,6884359.92,20251121.0,20251121.0,20251121
2025-11-24,510300.SH,4.564,4.579,4.585,4.533,4.557,-0.007,-0.1534,11557477.22,5269730.484,20251124.0,20251124.0,20251124
2025-11-25,510300.SH,4.557,4.58,4.623,4.579,4.597,0.04,0.8778,8959405.77,4120829.562,20251125.0,20251125.0,20251125
2025-11-26,510300.SH,4.597,4.6,4.646,4.594,4.626,0.029,0.6308,9140793.06,4228349.386,20251126.0,20251126.0,20251126
2025-11-27,510300.SH,4.626,4.629,4.674,4.618,4.622,-0.004,-0.0865,4793694.11,2226374.836,20251127.0,20251127.0,20251127
2025-11-28,510300.SH,4.622,4.621,4.642,4.603,4.635,0.013,0.2813,5192340.54,2403092.677,20251128.0,20251128.0,20251128
2025-12-01,510300.SH,4.635,4.646,4.688,4.639,4.687,0.052,1.1219,5783013.7,2698559.001,20251201.0,20251201.0,20251201
2025-12-02,510300.SH,4.687,4.686,4.686,4.651,4.666,-0.021,-0.448,3834449.0,1790231.961,20251202.0,20251202.0,20251202
2025-12-03,510300.SH,4.666,4.665,4.684,4.635,4.645,-0.021,-0.4501,3950347.8,1840202.209,20251203.0,20251203.0,20251203
2025-12-04,510300.SH,4.645,4.648,4.671,4.628,4.657,0.012,0.2583,4026188.36,1871831.892,20251204.0,20251204.0,20251204
2025-12-05,510300.SH,4.657,4.656,4.71,4.643,4.698,0.041,0.8804,6872030.54,3217071.412,20251205.0,20251205.0,20251205
2025-12-08,510300.SH,4.698,4.711,4.754,4.709,4.732,0.034,0.7237,8263437.51,3908784.386,20251208.0,20251208.0,20251208
2025-12-09,510300.SH,4.732,4.727,4.739,4.694,4.708,-0.024,-0.5072,7001054.99,3302885.875,20251209.0,20251209.0,20251209
2025-12-11,510300.SH,4.702,4.708,4.722,4.662,4.668,-0.034,-0.7231,6199442.53,2910601.742,,,20251211
