date,ts_code,open,high,low,close,pre_close,change,p_change,volume,amount,date.2,date.1,date.3,date.4,date.5,date.6,date.7,date
2022-12-07,601857.SH,4.96,4.97,4.9,4.92,5.0,-0.08000000000000007,-1.6,1295106.62,674021.358,,,,,,,,20221207
2022-12-08,601857.SH,4.91,4.93,4.86,4.88,4.92,-0.040000000000000036,-0.81,1137146.34,587271.356,,,,,,,,20221208
2022-12-09,601857.SH,4.89,4.91,4.85,4.87,4.88,-0.009999999999999787,-0.2,954340.7,490964.2,,,,,,,,20221209
2022-12-12,601857.SH,4.87,4.89,4.81,4.82,4.87,-0.04999999999999982,-1.03,1175123.2,600057.345,,,,,,,,20221212
2022-12-13,601857.SH,4.84,4.86,4.81,4.83,4.82,0.009999999999999787,0.21,897679.43,457994.166,,,,,,,,20221213
2022-12-14,601857.SH,4.84,4.88,4.82,4.87,4.83,0.040000000000000036,0.83,821934.54,420972.754,,,,,,,,20221214
2022-12-15,601857.SH,4.89,4.9,4.81,4.82,4.87,-0.04999999999999982,-1.03,760146.05,388116.796,,,,,,,,20221215
2022-12-16,601857.SH,4.8,4.86,4.78,4.84,4.82,0.019999999999999574,0.41,718330.99,366146.063,,,,,,,,20221216
2022-12-19,601857.SH,4.83,4.84,4.75,4.76,4.84,-0.08000000000000007,-1.65,904358.93,456061.879,,,,,,,,20221219
2022-12-20,601857.SH,4.75,4.78,4.72,4.74,4.76,-0.019999999999999574,-0.42,766549.52,383635.592,,,,,,,,20221220
2022-12-21,601857.SH,4.75,4.76,4.72,4.73,4.74,-0.009999999999999787,-0.21,501735.34,250868.41,,,,,,,,20221221
2022-12-22,601857.SH,4.76,4.78,4.73,4.74,4.73,0.009999999999999787,0.21,596826.72,299427.656,,,,,,,,20221222
2022-12-23,601857.SH,4.72,4.75,4.71,4.72,4.74,-0.020000000000000462,-0.42,594996.7,296821.483,,,,,,,,20221223
2022-12-26,601857.SH,4.74,4.76,4.71,4.72,4.72,0.0,0.0,683453.86,340746.851,,,,,,,,20221226
2022-12-27,601857.SH,4.74,4.75,4.72,4.75,4.72,0.03000000000000025,0.64,573567.38,286865.086,,,,,,,,20221227
2022-12-28,601857.SH,4.74,4.8,4.72,4.78,4.75,0.03000000000000025,0.63,837272.85,421366.246,,,,,,,,20221228
2022-12-29,601857.SH,4.76,4.76,4.7,4.7,4.78,-0.08000000000000007,-1.67,1248618.88,621860.485,,,,,,,,20221229
2022-12-30,601857.SH,4.7,4.72,4.69,4.71,4.7,0.009999999999999787,0.21,736795.68,366223.379,,,,,,,,20221230
2023-01-03,601857.SH,4.72,4.75,4.69,4.75,4.71,0.040000000000000036,0.85,746730.18,372173.228,,,,,,,,20230103
2023-01-04,601857.SH,4.72,4.74,4.7,4.73,4.75,-0.019999999999999574,-0.42,854072.62,425278.877,,,,,,,,20230104
2023-01-05,601857.SH,4.71,4.73,4.7,4.72,4.73,-0.010000000000000675,-0.21,764220.7,380338.343,,,,,,,,20230105
2023-01-06,601857.SH,4.72,4.73,4.71,4.71,4.72,-0.009999999999999787,-0.21,640459.63,318747.371,,,,,,,,20230106
2023-01-09,601857.SH,4.73,4.73,4.71,4.72,4.71,0.009999999999999787,0.21,664376.61,330873.003,,,,,,,,20230109
2023-01-10,601857.SH,4.72,4.73,4.7,4.7,4.72,-0.019999999999999574,-0.42,530173.58,263568.386,,,,,,,,20230110
2023-01-11,601857.SH,4.71,4.74,4.7,4.71,4.7,0.009999999999999787,0.21,769815.35,383423.924,,,,,,,,20230111
2023-01-12,601857.SH,4.73,4.78,4.72,4.77,4.71,0.05999999999999961,1.27,1134670.56,570154.115,,,,,,,,20230112
2023-01-13,601857.SH,4.77,4.83,4.76,4.82,4.77,0.05000000000000071,1.05,1033609.76,524451.518,,,,,,,,20230113
2023-01-16,601857.SH,4.84,4.86,4.8,4.84,4.82,0.019999999999999574,0.41,1029217.32,525867.95,,,,,,,,20230116
2023-01-17,601857.SH,4.84,4.84,4.79,4.81,4.84,-0.03000000000000025,-0.62,734994.27,373258.241,,,,,,,,20230117
2023-01-18,601857.SH,4.82,4.85,4.8,4.82,4.81,0.010000000000000675,0.21,737496.09,375479.195,,,,,,,,20230118
2023-01-19,601857.SH,4.82,4.83,4.79,4.83,4.82,0.009999999999999787,0.21,836184.04,424551.11,,,,,,,,20230119
2023-01-20,601857.SH,4.86,4.94,4.86,4.92,4.83,0.08999999999999986,1.86,1657264.26,857520.771,,,,,,,,20230120
2023-01-30,601857.SH,4.96,4.97,4.9,4.94,4.92,0.020000000000000462,0.41,1390743.98,724596.969,,,,,,,,20230130
2023-01-31,601857.SH,4.92,4.94,4.89,4.9,4.94,-0.040000000000000036,-0.81,1019934.34,528747.266,,,,,,,,20230131
2023-02-01,601857.SH,4.91,4.94,4.89,4.93,4.9,0.02999999999999936,0.61,1186952.54,615762.967,,,,,,,,20230201
2023-02-02,601857.SH,4.92,4.92,4.88,4.91,4.93,-0.019999999999999574,-0.41,1001027.2,517674.069,,,,,,,,20230202
2023-02-03,601857.SH,4.89,4.91,4.86,4.9,4.91,-0.009999999999999787,-0.2,1104655.88,569107.325,,,,,,,,20230203
2023-02-06,601857.SH,4.87,4.89,4.85,4.88,4.9,-0.020000000000000462,-0.41,824794.79,423853.32,,,,,,,,20230206
2023-02-07,601857.SH,4.89,4.92,4.88,4.9,4.88,0.020000000000000462,0.41,683316.85,353259.942,,,,,,,,20230207
2023-02-08,601857.SH,4.94,4.94,4.87,4.88,4.9,-0.020000000000000462,-0.41,814751.38,422281.18,,,,,,,,20230208
2023-02-09,601857.SH,4.89,4.91,4.88,4.9,4.88,0.020000000000000462,0.41,550235.01,284175.674,,,,,,,,20230209
2023-02-10,601857.SH,4.89,4.9,4.86,4.87,4.9,-0.03000000000000025,-0.61,658020.0,338556.924,,,,,,,,20230210
2023-02-13,601857.SH,4.88,4.9,4.86,4.88,4.87,0.009999999999999787,0.21,776966.87,400015.798,,,,,,,,20230213
2023-02-14,601857.SH,4.89,4.9,4.87,4.9,4.88,0.020000000000000462,0.41,509600.59,262841.506,,,,,,,,20230214
2023-02-15,601857.SH,4.89,4.9,4.86,4.88,4.9,-0.020000000000000462,-0.41,690212.72,355163.751,,,,,,,,20230215
2023-02-16,601857.SH,4.88,4.94,4.87,4.88,4.88,0.0,0.0,1453961.69,753082.101,,,,,,,,20230216
2023-02-17,601857.SH,4.88,4.92,4.87,4.88,4.88,0.0,0.0,817739.43,422054.818,,,,,,,,20230217
2023-02-20,601857.SH,4.88,4.97,4.87,4.96,4.88,0.08000000000000007,1.64,1519569.87,792181.63,,,,,,,,20230220
2023-02-21,601857.SH,4.96,5.02,4.95,4.98,4.96,0.020000000000000462,0.4,1266275.88,666045.211,,,,,,,,20230221
2023-02-22,601857.SH,4.97,5.0,4.95,4.96,4.98,-0.020000000000000462,-0.4,710108.01,372941.351,,,,,,,,20230222
2023-02-23,601857.SH,4.97,5.0,4.94,4.97,4.96,0.009999999999999787,0.2,931992.81,489305.725,,,,,,,,20230223
2023-02-24,601857.SH,4.97,4.98,4.94,4.95,4.97,-0.019999999999999574,-0.4,706267.1,369312.965,,,,,,,,20230224
2023-02-27,601857.SH,4.94,4.97,4.94,4.94,4.95,-0.009999999999999787,-0.2,619284.71,323920.0,,,,,,,,20230227
2023-02-28,601857.SH,4.94,4.95,4.92,4.95,4.94,0.009999999999999787,0.2,780918.59,407149.028,,,,,,,,20230228
2023-03-01,601857.SH,4.94,5.01,4.94,5.0,4.95,0.04999999999999982,1.01,1190146.26,626730.73,,,,,,,,20230301
2023-03-02,601857.SH,5.0,5.11,4.98,5.08,5.0,0.08000000000000007,1.6,1913891.57,1022773.481,,,,,,,,20230302
2023-03-03,601857.SH,5.09,5.23,5.07,5.21,5.08,0.1299999999999999,2.56,2395040.45,1307700.11,,,,,,,,20230303
2023-03-06,601857.SH,5.23,5.32,5.19,5.22,5.21,0.009999999999999787,0.19,1980120.47,1094943.856,,,,,,,,20230306
2023-03-07,601857.SH,5.24,5.53,5.23,5.34,5.22,0.1200000000000001,2.3,4481967.26,2558295.973,,,,,,,,20230307
2023-03-08,601857.SH,5.26,5.3,5.22,5.28,5.34,-0.05999999999999961,-1.12,1922833.34,1068594.051,,,,,,,,20230308
2023-03-09,601857.SH,5.26,5.37,5.26,5.28,5.28,0.0,0.0,1534063.99,858210.571,,,,,,,,20230309
2023-03-10,601857.SH,5.25,5.3,5.14,5.15,5.28,-0.1299999999999999,-2.46,1797839.88,988683.903,,,,,,,,20230310
2023-03-13,601857.SH,5.19,5.38,5.18,5.38,5.15,0.22999999999999954,4.47,2510706.16,1406885.454,,,,,,,,20230313
2023-03-14,601857.SH,5.34,5.38,5.22,5.26,5.38,-0.1200000000000001,-2.23,2046657.63,1143522.143,,,,,,,,20230314
2023-03-15,601857.SH,5.26,5.42,5.21,5.35,5.26,0.08999999999999986,1.71,2231514.92,1252531.15,,,,,,,,20230315
2023-03-16,601857.SH,5.26,5.28,5.18,5.19,5.35,-0.15999999999999925,-2.99,2399968.22,1323381.137,,,,,,,,20230316
2023-03-17,601857.SH,5.22,5.58,5.2,5.52,5.19,0.3299999999999992,6.36,5235088.36,3004463.767,,,,,,,,20230317
2023-03-20,601857.SH,5.49,5.67,5.44,5.47,5.52,-0.04999999999999982,-0.91,4261525.16,2502695.464,,,,,,,,20230320
2023-03-21,601857.SH,5.49,5.53,5.32,5.38,5.47,-0.08999999999999986,-1.65,2255964.45,1283749.32,,,,,,,,20230321
2023-03-22,601857.SH,5.4,5.48,5.36,5.4,5.38,0.020000000000000462,0.37,1493989.1,853797.496,,,,,,,,20230322
2023-03-23,601857.SH,5.39,5.48,5.36,5.47,5.4,0.0699999999999994,1.3,1857281.09,1064222.015,,,,,,,,20230323
2023-03-24,601857.SH,5.44,5.44,5.33,5.34,5.47,-0.1299999999999999,-2.38,1823708.63,1031542.148,,,,,,,,20230324
2023-03-27,601857.SH,5.3,5.3,5.21,5.29,5.34,-0.04999999999999982,-0.94,1589953.23,881552.429,,,,,,,,20230327
2023-03-28,601857.SH,5.35,5.43,5.3,5.37,5.29,0.08000000000000007,1.51,1745597.98,988182.291,,,,,,,,20230328
2023-03-29,601857.SH,5.41,5.41,5.3,5.31,5.37,-0.0600000000000005,-1.12,1235271.83,695506.665,,,,,,,,20230329
2023-03-30,601857.SH,5.4,5.71,5.39,5.68,5.31,0.3700000000000001,6.97,5742409.5,3403189.911,,,,,,,,20230330
2023-03-31,601857.SH,5.67,5.69,5.59,5.61,5.68,-0.0699999999999994,-1.23,2082518.36,1237145.884,,,,,,,,20230331
2023-04-03,601857.SH,5.73,5.85,5.66,5.68,5.61,0.0699999999999994,1.25,3411577.13,2071494.157,,,,,,,,20230403
2023-04-04,601857.SH,5.72,5.91,5.68,5.84,5.68,0.16000000000000014,2.82,2940455.68,1805461.31,,,,,,,,20230404
2023-04-06,601857.SH,5.8,5.87,5.76,5.85,5.84,0.009999999999999787,0.17,1829100.17,1124653.839,,,,,,,,20230406
2023-04-07,601857.SH,5.84,5.88,5.79,5.83,5.85,-0.019999999999999574,-0.34,1198063.94,736244.43,,,,,,,,20230407
2023-04-10,601857.SH,5.84,6.15,5.84,6.12,5.83,0.29000000000000004,4.97,3384283.46,2163040.596,,,,,,,,20230410
2023-04-11,601857.SH,6.08,6.25,6.03,6.21,6.12,0.08999999999999986,1.47,2763521.28,1798648.2,,,,,,,,20230411
2023-04-12,601857.SH,6.22,6.51,6.22,6.47,6.21,0.2599999999999998,4.19,3115413.27,2106278.659,,,,,,,,20230412
2023-04-13,601857.SH,6.5,6.76,6.38,6.42,6.47,-0.04999999999999982,-0.77,4540456.41,3135648.701,,,,,,,,20230413
2023-04-14,601857.SH,6.42,6.57,6.35,6.54,6.42,0.1200000000000001,1.87,2753879.97,1886902.141,,,,,,,,20230414
2023-04-17,601857.SH,6.51,6.98,6.46,6.95,6.54,0.41000000000000014,6.27,4255723.72,3052584.837,,,,,,,,20230417
2023-04-18,601857.SH,6.91,6.95,6.78,6.91,6.95,-0.040000000000000036,-0.58,2703989.92,1957647.422,,,,,,,,20230418
2023-04-19,601857.SH,6.86,7.06,6.78,6.81,6.91,-0.10000000000000053,-1.45,2556749.17,1856897.646,,,,,,,,20230419
2023-04-20,601857.SH,6.74,6.97,6.69,6.93,6.81,0.1200000000000001,1.76,2801527.65,2017221.138,,,,,,,,20230420
2023-04-21,601857.SH,6.87,7.12,6.81,6.91,6.93,-0.019999999999999574,-0.29,2745668.05,2023327.497,,,,,,,,20230421
2023-04-24,601857.SH,6.91,7.03,6.83,6.93,6.91,0.019999999999999574,0.29,2344651.86,1716641.183,,,,,,,,20230424
2023-04-25,601857.SH,6.97,7.23,6.96,7.22,6.93,0.29000000000000004,4.18,3384197.6,2548347.641,,,,,,,,20230425
2023-04-26,601857.SH,7.1,7.2,6.99,7.14,7.22,-0.08000000000000007,-1.11,2585257.9,1934923.944,,,,,,,,20230426
2023-04-27,601857.SH,7.02,7.15,6.92,7.1,7.14,-0.040000000000000036,-0.56,2061084.77,1536494.449,,,,,,,,20230427
2023-04-28,601857.SH,7.08,7.47,7.04,7.47,7.1,0.3700000000000001,5.21,2747828.21,2112599.054,,,,,,,,20230428
2023-05-04,601857.SH,7.19,7.73,7.15,7.59,7.47,0.1200000000000001,1.61,3555489.01,2784410.997,,,,,,,,20230504
2023-05-05,601857.SH,7.59,7.62,7.38,7.55,7.59,-0.040000000000000036,-0.53,2361695.61,1866190.077,,,,,,,,20230505
2023-05-08,601857.SH,7.6,8.13,7.6,8.13,7.55,0.580000000000001,7.68,3490880.43,2916760.204,,,,,,,,20230508
2023-05-09,601857.SH,8.14,8.18,7.66,7.66,8.13,-0.47000000000000064,-5.78,4124988.64,3452312.934,,,,,,,,20230509
2023-05-10,601857.SH,7.66,7.7,7.24,7.36,7.66,-0.2999999999999998,-3.92,4139162.89,3230949.147,,,,,,,,20230510
2023-05-11,601857.SH,7.34,7.37,7.17,7.23,7.36,-0.1299999999999999,-1.77,2017569.76,1546282.627,,,,,,,,20230511
2023-05-12,601857.SH,7.26,7.43,7.1,7.1,7.23,-0.13000000000000078,-1.8,2689046.03,2053507.037,,,,,,,,20230512
2023-05-15,601857.SH,7.03,7.11,6.86,7.08,7.1,-0.019999999999999574,-0.28,2942770.31,2171734.433,,,,,,,,20230515
2023-05-16,601857.SH,7.06,7.34,7.03,7.12,7.08,0.040000000000000036,0.56,2174595.51,1647173.396,,,,,,,,20230516
2023-05-17,601857.SH,7.04,7.15,6.93,7.08,7.12,-0.040000000000000036,-0.56,1235443.42,917987.117,,,,,,,,20230517
2023-05-18,601857.SH,7.15,7.41,7.15,7.3,7.08,0.21999999999999975,3.11,2038920.37,1570114.278,,,,,,,,20230518
2023-05-19,601857.SH,7.28,7.3,7.09,7.13,7.3,-0.16999999999999993,-2.33,1496113.55,1133297.414,,,,,,,,20230519
2023-05-22,601857.SH,7.1,7.19,6.99,7.1,7.13,-0.03000000000000025,-0.42,1296736.36,970143.375,,,,,,,,20230522
2023-05-23,601857.SH,7.1,7.18,6.96,6.96,7.1,-0.13999999999999968,-1.97,1222603.29,909478.905,,,,,,,,20230523
2023-05-24,601857.SH,6.93,6.99,6.81,6.84,6.96,-0.1200000000000001,-1.72,1622572.14,1180595.095,,,,,,,,20230524
2023-05-25,601857.SH,6.82,6.89,6.65,6.78,6.84,-0.05999999999999961,-0.88,2281736.45,1622169.026,,,,,,,,20230525
2023-05-26,601857.SH,6.77,6.82,6.64,6.74,6.78,-0.040000000000000036,-0.59,1241262.2,882285.959,,,,,,,,20230526
2023-05-29,601857.SH,6.87,7.3,6.85,7.22,6.74,0.47999999999999954,7.12,2692567.22,2025538.014,,,,,,,,20230529
2023-05-30,601857.SH,7.18,7.48,7.15,7.27,7.22,0.04999999999999982,0.69,2169729.52,1672886.525,,,,,,,,20230530
2023-05-31,601857.SH,7.18,7.28,7.01,7.1,7.27,-0.16999999999999993,-2.34,1884316.86,1416284.067,,,,,,,,20230531
2023-06-01,601857.SH,7.13,7.38,7.1,7.23,7.11,0.1200000000000001,1.69,1803213.08,1379439.224,,,,,,,,20230601
2023-06-02,601857.SH,7.3,7.4,7.22,7.25,7.23,0.019999999999999574,0.28,1432496.84,1100956.483,,,,,,,,20230602
2023-06-05,601857.SH,7.31,7.44,7.3,7.31,7.25,0.05999999999999961,0.83,1380727.32,1071486.27,,,,,,,,20230605
2023-06-06,601857.SH,7.27,7.39,7.23,7.26,7.31,-0.04999999999999982,-0.68,1237333.18,955815.235,,,,,,,,20230606
2023-06-07,601857.SH,7.2,7.3,7.11,7.26,7.26,0.0,0.0,1029440.41,783697.064,,,,,,,,20230607
2023-06-08,601857.SH,7.26,7.46,7.17,7.41,7.26,0.15000000000000036,2.07,1691084.14,1314294.131,,,,,,,,20230608
2023-06-09,601857.SH,7.37,7.45,7.31,7.45,7.41,0.040000000000000036,0.54,1725687.67,1343450.891,,,,,,,,20230609
2023-06-12,601857.SH,7.39,7.63,7.33,7.37,7.45,-0.08000000000000007,-1.07,1845869.4,1448406.94,,,,,,,,20230612
2023-06-13,601857.SH,7.33,7.35,7.06,7.21,7.37,-0.16000000000000014,-2.17,2050491.59,1548413.341,,,,,,,,20230613
2023-06-14,601857.SH,7.28,7.36,7.17,7.2,7.21,-0.009999999999999787,-0.14,1360192.6,1041567.716,,,,,,,,20230614
2023-06-15,601857.SH,7.13,7.18,7.05,7.16,7.2,-0.040000000000000036,-0.56,1244005.1,932983.083,,,,,,,,20230615
2023-06-16,601857.SH,7.22,7.28,7.11,7.18,7.16,0.019999999999999574,0.28,1593428.85,1207846.562,,,,,,,,20230616
2023-06-19,601857.SH,7.19,7.19,7.05,7.12,7.18,-0.05999999999999961,-0.84,1154892.13,866478.659,,,,,,,,20230619
2023-06-20,601857.SH,7.15,7.15,6.92,6.98,7.12,-0.13999999999999968,-1.97,1480959.46,1096714.108,,,,,,,,20230620
2023-06-21,601857.SH,6.95,7.25,6.91,7.12,6.98,0.13999999999999968,2.01,2429416.56,1833499.436,,,,,,,,20230621
2023-06-26,601857.SH,7.06,7.19,7.02,7.07,7.12,-0.04999999999999982,-0.7,1567127.77,1174811.093,,,,,,,,20230626
2023-06-27,601857.SH,7.09,7.4,7.03,7.32,7.07,0.25,3.54,2167184.88,1656062.302,,,,,,,,20230627
2023-06-28,601857.SH,7.34,7.4,7.28,7.35,7.32,0.02999999999999936,0.41,1508645.96,1134413.132,,,,,,,,20230628
2023-06-29,601857.SH,7.36,7.4,7.27,7.29,7.35,-0.05999999999999961,-0.82,965943.06,725031.667,,,,,,,,20230629
2023-06-30,601857.SH,7.29,7.36,7.25,7.29,7.29,0.0,0.0,763164.33,571649.566,,,,,,,,20230630
2023-07-03,601857.SH,7.3,7.66,7.29,7.63,7.29,0.33999999999999986,4.66,1720806.19,1326177.413,,,,,,,,20230703
2023-07-04,601857.SH,7.62,7.84,7.55,7.6,7.63,-0.03000000000000025,-0.39,1396819.24,1097123.149,,,,,,,,20230704
2023-07-05,601857.SH,7.63,7.7,7.53,7.6,7.6,0.0,0.0,796149.15,620086.262,,,,,,,,20230705
2023-07-06,601857.SH,7.6,7.66,7.51,7.56,7.6,-0.040000000000000036,-0.53,949318.72,736436.467,,,,,,,,20230706
2023-07-07,601857.SH,7.52,7.65,7.41,7.54,7.56,-0.019999999999999574,-0.26,1034962.95,800094.604,,,,,,,,20230707
2023-07-10,601857.SH,7.6,7.63,7.41,7.44,7.54,-0.09999999999999964,-1.33,1116973.19,855640.426,,,,,,,,20230710
2023-07-11,601857.SH,7.48,7.48,7.39,7.45,7.44,0.009999999999999787,0.13,723911.89,552296.874,,,,,,,,20230711
2023-07-12,601857.SH,7.49,7.68,7.47,7.59,7.45,0.13999999999999968,1.88,1437318.97,1116498.266,,,,,,,,20230712
2023-07-13,601857.SH,7.63,8.04,7.6,8.04,7.59,0.4499999999999993,5.93,2618371.43,2115647.839,,,,,,,,20230713
2023-07-14,601857.SH,8.02,8.14,7.98,8.04,8.04,0.0,0.0,1244158.64,1026037.46,,,,,,,,20230714
2023-07-17,601857.SH,8.02,8.03,7.86,7.93,8.04,-0.10999999999999943,-1.37,805655.48,653946.358,,,,,,,,20230717
2023-07-18,601857.SH,7.94,7.94,7.79,7.86,7.93,-0.0699999999999994,-0.88,763120.91,614220.291,,,,,,,,20230718
2023-07-19,601857.SH,7.88,8.04,7.86,7.94,7.86,0.08000000000000007,1.02,850579.74,691697.687,,,,,,,,20230719
2023-07-20,601857.SH,7.93,7.97,7.79,7.82,7.94,-0.1200000000000001,-1.51,871354.71,703490.171,,,,,,,,20230720
2023-07-21,601857.SH,7.8,7.87,7.74,7.81,7.82,-0.010000000000000675,-0.13,587324.49,470161.462,,,,,,,,20230721
2023-07-24,601857.SH,7.75,7.84,7.67,7.76,7.81,-0.04999999999999982,-0.64,632844.45,503326.546,,,,,,,,20230724
2023-07-25,601857.SH,7.94,8.01,7.8,7.83,7.76,0.07000000000000028,0.9,1336450.29,1080696.932,,,,,,,,20230725
2023-07-26,601857.SH,7.82,7.85,7.62,7.67,7.83,-0.16000000000000014,-2.04,1398929.37,1103422.148,,,,,,,,20230726
2023-07-27,601857.SH,7.68,7.82,7.65,7.68,7.67,0.009999999999999787,0.13,1041707.95,825482.819,,,,,,,,20230727
2023-07-28,601857.SH,7.65,7.77,7.58,7.77,7.68,0.08999999999999986,1.17,1230849.21,971164.714,,,,,,,,20230728
2023-07-31,601857.SH,7.71,7.86,7.64,7.72,7.77,-0.04999999999999982,-0.64,1403416.28,1109332.624,,,,,,,,20230731
2023-08-01,601857.SH,7.73,7.88,7.73,7.88,7.72,0.16000000000000014,2.07,1294728.83,1038893.839,,,,,,,,20230801
2023-08-02,601857.SH,7.89,7.9,7.37,7.44,7.88,-0.4399999999999995,-5.58,3351153.64,2597086.992,,,,,,,,20230802
2023-08-03,601857.SH,7.36,7.46,7.28,7.39,7.44,-0.05000000000000071,-0.67,1523922.16,1152997.958,,,,,,,,20230803
2023-08-04,601857.SH,7.43,7.58,7.41,7.43,7.39,0.040000000000000036,0.54,1544003.22,1184207.377,,,,,,,,20230804
2023-08-07,601857.SH,7.46,7.56,7.4,7.5,7.43,0.07000000000000028,0.94,773118.84,593741.434,,,,,,,,20230807
2023-08-08,601857.SH,7.46,7.63,7.41,7.6,7.5,0.09999999999999964,1.33,1059648.49,821059.376,,,,,,,,20230808
2023-08-09,601857.SH,7.59,7.65,7.52,7.61,7.6,0.010000000000000675,0.13,809136.18,630596.613,,,,,,,,20230809
2023-08-10,601857.SH,7.68,7.78,7.66,7.72,7.61,0.10999999999999943,1.45,1092983.95,865728.536,,,,,,,,20230810
2023-08-11,601857.SH,7.71,7.74,7.59,7.6,7.72,-0.1200000000000001,-1.55,764126.21,599803.87,,,,,,,,20230811
2023-08-14,601857.SH,7.54,7.69,7.53,7.65,7.6,0.05000000000000071,0.66,808896.13,631516.845,,,,,,,,20230814
2023-08-15,601857.SH,7.65,7.68,7.57,7.65,7.65,0.0,0.0,626279.1,488963.052,,,,,,,,20230815
2023-08-16,601857.SH,7.6,7.61,7.41,7.46,7.65,-0.1900000000000004,-2.48,991037.02,759743.474,,,,,,,,20230816
2023-08-17,601857.SH,7.43,7.52,7.36,7.5,7.46,0.040000000000000036,0.54,595233.33,454387.623,,,,,,,,20230817
2023-08-18,601857.SH,7.47,7.58,7.47,7.49,7.5,-0.009999999999999787,-0.13,577901.05,446330.112,,,,,,,,20230818
2023-08-21,601857.SH,7.5,7.53,7.37,7.37,7.49,-0.1200000000000001,-1.6,648949.82,493237.635,,,,,,,,20230821
2023-08-22,601857.SH,7.37,7.59,7.31,7.54,7.37,0.16999999999999993,2.31,1169790.27,897416.267,,,,,,,,20230822
2023-08-23,601857.SH,7.54,7.64,7.51,7.56,7.54,0.019999999999999574,0.27,878243.5,683773.671,,,,,,,,20230823
2023-08-24,601857.SH,7.54,7.6,7.45,7.47,7.56,-0.08999999999999986,-1.19,818382.2,629310.589,,,,,,,,20230824
2023-08-25,601857.SH,7.44,7.56,7.41,7.52,7.47,0.04999999999999982,0.67,746050.1,573940.089,,,,,,,,20230825
2023-08-28,601857.SH,7.82,7.83,7.54,7.64,7.52,0.1200000000000001,1.6,1779256.9,1393457.969,,,,,,,,20230828
2023-08-29,601857.SH,7.61,7.66,7.53,7.56,7.64,-0.08000000000000007,-1.05,1106741.4,860366.527,,,,,,,,20230829
2023-08-30,601857.SH,7.6,7.69,7.57,7.57,7.56,0.010000000000000675,0.13,939484.85,732549.988,,,,,,,,20230830
2023-08-31,601857.SH,7.6,7.63,7.48,7.56,7.57,-0.010000000000000675,-0.13,962460.53,744508.658,,,,,,,,20230831
2023-09-01,601857.SH,7.56,7.62,7.52,7.57,7.56,0.010000000000000675,0.13,1029251.69,799154.379,,,,,,,,20230901
2023-09-04,601857.SH,7.61,7.76,7.61,7.75,7.57,0.17999999999999972,2.38,1574662.15,1243756.344,,,,,,,,20230904
2023-09-05,601857.SH,7.73,7.78,7.69,7.75,7.75,0.0,0.0,924978.64,733595.76,,,,,,,,20230905
2023-09-06,601857.SH,7.82,7.91,7.69,7.88,7.75,0.1299999999999999,1.68,1564053.31,1255055.893,,,,,,,,20230906
2023-09-07,601857.SH,7.86,8.1,7.86,8.04,7.88,0.15999999999999925,2.03,1623637.79,1335213.201,,,,,,,,20230907
2023-09-08,601857.SH,8.01,8.03,7.82,7.86,8.04,-0.17999999999999883,-2.24,1038510.01,838222.657,,,,,,,,20230908
2023-09-11,601857.SH,7.89,8.01,7.86,7.93,7.86,0.0699999999999994,0.89,1067282.15,870277.982,,,,,,,,20230911
2023-09-12,601857.SH,7.95,8.02,7.86,7.9,7.93,-0.02999999999999936,-0.38,877928.04,712529.072,,,,,,,,20230912
2023-09-13,601857.SH,7.99,8.1,7.94,8.07,7.9,0.16999999999999993,2.15,1377366.12,1134786.184,,,,,,,,20230913
2023-09-14,601857.SH,8.08,8.16,8.02,8.13,8.07,0.0600000000000005,0.74,1502515.17,1249998.058,,,,,,,,20230914
2023-09-15,601857.SH,8.21,8.37,8.05,8.09,8.13,-0.040000000000000924,-0.49,2033961.12,1708515.557,,,,,,,,20230915
2023-09-18,601857.SH,8.09,8.12,7.92,8.03,8.09,-0.0600000000000005,-0.74,1669064.16,1365624.416,,,,,,,,20230918
2023-09-19,601857.SH,8.02,8.13,8.0,8.11,8.03,0.08000000000000007,1.0,1178341.15,978876.835,,,,,,,,20230919
2023-09-20,601857.SH,8.14,8.2,8.08,8.12,8.11,0.009999999999999787,0.12,1267611.83,1030120.709,,,,,,,,20230920
2023-09-21,601857.SH,8.12,8.18,7.99,7.99,8.12,-0.129999999999999,-1.6,1063015.36,855116.403,,,,,,,,20230921
2023-09-22,601857.SH,8.02,8.12,7.97,8.11,7.99,0.11999999999999922,1.5,1111403.49,896236.265,,,,,,,,20230922
2023-09-25,601857.SH,8.13,8.16,7.98,8.0,8.11,-0.10999999999999943,-1.36,1215911.34,977983.677,,,,,,,,20230925
2023-09-26,601857.SH,8.0,8.03,7.96,7.98,8.0,-0.019999999999999574,-0.25,891331.51,712041.561,,,,,,,,20230926
2023-09-27,601857.SH,8.03,8.05,7.98,8.0,7.98,0.019999999999999574,0.25,754604.01,604322.971,,,,,,,,20230927
2023-09-28,601857.SH,8.15,8.18,7.96,7.98,8.0,-0.019999999999999574,-0.25,1250172.38,1005081.914,,,,,,,,20230928
2023-10-09,601857.SH,7.79,7.94,7.61,7.91,7.98,-0.07000000000000028,-0.88,1806691.64,1404770.212,,,,,,,,20231009
2023-10-10,601857.SH,7.92,7.97,7.75,7.79,7.91,-0.1200000000000001,-1.52,989316.1,775151.074,,,,,,,,20231010
2023-10-11,601857.SH,7.81,7.82,7.63,7.66,7.79,-0.1299999999999999,-1.67,989972.63,762638.612,,,,,,,,20231011
2023-10-12,601857.SH,7.66,7.7,7.6,7.67,7.66,0.009999999999999787,0.13,826176.42,632374.068,,,,,,,,20231012
2023-10-13,601857.SH,7.61,7.7,7.54,7.67,7.67,0.0,0.0,936652.39,713917.399,,,,,,,,20231013
2023-10-16,601857.SH,7.75,7.84,7.71,7.8,7.67,0.1299999999999999,1.69,1314716.63,1022840.969,,,,,,,,20231016
2023-10-17,601857.SH,7.76,7.95,7.71,7.93,7.8,0.1299999999999999,1.67,1085745.13,851852.679,,,,,,,,20231017
2023-10-18,601857.SH,7.93,8.02,7.91,7.98,7.93,0.05000000000000071,0.63,970316.82,774066.479,,,,,,,,20231018
2023-10-19,601857.SH,7.98,7.98,7.71,7.74,7.98,-0.2400000000000002,-3.01,1198458.67,933301.993,,,,,,,,20231019
2023-10-20,601857.SH,7.78,7.8,7.67,7.69,7.74,-0.04999999999999982,-0.65,858744.83,663319.205,,,,,,,,20231020
2023-10-23,601857.SH,7.63,7.69,7.51,7.57,7.69,-0.1200000000000001,-1.56,864693.85,656283.196,,,,,,,,20231023
2023-10-24,601857.SH,7.56,7.77,7.55,7.76,7.57,0.1899999999999995,2.51,1187571.54,912811.35,,,,,,,,20231024
2023-10-25,601857.SH,7.79,7.8,7.31,7.33,7.76,-0.4299999999999997,-5.54,2208269.14,1651755.39,,,,,,,,20231025
2023-10-26,601857.SH,7.3,7.48,7.29,7.45,7.33,0.1200000000000001,1.64,1181436.98,876673.107,,,,,,,,20231026
2023-10-27,601857.SH,7.42,7.52,7.4,7.42,7.45,-0.03000000000000025,-0.4,949548.82,707619.083,,,,,,,,20231027
2023-10-30,601857.SH,7.41,7.42,7.05,7.13,7.42,-0.29000000000000004,-3.91,2413077.76,1724093.455,,,,,,,,20231030
2023-10-31,601857.SH,7.1,7.15,7.0,7.12,7.13,-0.009999999999999787,-0.14,1570334.21,1113276.522,,,,,,,,20231031
2023-11-01,601857.SH,7.11,7.18,7.05,7.16,7.12,0.040000000000000036,0.56,1217491.47,868143.488,,,,,,,,20231101
2023-11-02,601857.SH,7.2,7.3,7.16,7.25,7.16,0.08999999999999986,1.26,1176056.96,852782.663,,,,,,,,20231102
2023-11-03,601857.SH,7.28,7.38,7.22,7.33,7.25,0.08000000000000007,1.1,1068222.48,779650.234,,,,,,,,20231103
2023-11-06,601857.SH,7.28,7.28,7.03,7.09,7.33,-0.2400000000000002,-3.27,2630122.79,1862123.673,,,,,,,,20231106
2023-11-07,601857.SH,7.04,7.13,6.91,7.09,7.09,0.0,0.0,1663974.08,1171046.085,,,,,,,,20231107
2023-11-08,601857.SH,6.99,7.05,6.95,7.03,7.09,-0.05999999999999961,-0.85,1016303.03,711719.54,,,,,,,,20231108
2023-11-09,601857.SH,6.99,7.11,6.97,7.09,7.03,0.05999999999999961,0.85,1028999.54,726882.954,,,,,,,,20231109
2023-11-10,601857.SH,7.08,7.12,7.0,7.08,7.09,-0.009999999999999787,-0.14,716986.89,507249.998,,,,,,,,20231110
2023-11-13,601857.SH,7.11,7.15,7.02,7.14,7.08,0.05999999999999961,0.85,839484.51,595332.165,,,,,,,,20231113
2023-11-14,601857.SH,7.15,7.21,7.08,7.1,7.14,-0.040000000000000036,-0.56,697238.86,495860.249,,,,,,,,20231114
2023-11-15,601857.SH,7.11,7.18,7.1,7.18,7.1,0.08000000000000007,1.13,834143.43,596331.928,,,,,,,,20231115
2023-11-16,601857.SH,7.14,7.21,7.12,7.13,7.18,-0.04999999999999982,-0.7,501106.79,358740.507,,,,,,,,20231116
2023-11-17,601857.SH,7.06,7.07,6.95,7.04,7.13,-0.08999999999999986,-1.26,1080657.08,756466.919,,,,,,,,20231117
2023-11-20,601857.SH,7.07,7.14,7.05,7.1,7.04,0.05999999999999961,0.85,843359.58,599144.57,,,,,,,,20231120
2023-11-21,601857.SH,7.14,7.23,7.11,7.13,7.1,0.03000000000000025,0.42,953629.48,683856.169,,,,,,,,20231121
2023-11-22,601857.SH,7.14,7.2,7.11,7.12,7.13,-0.009999999999999787,-0.14,577260.17,413492.448,,,,,,,,20231122
2023-11-23,601857.SH,7.1,7.14,7.05,7.11,7.12,-0.009999999999999787,-0.14,604762.78,428857.663,,,,,,,,20231123
2023-11-24,601857.SH,7.11,7.17,7.09,7.12,7.11,0.009999999999999787,0.14,527176.02,376530.408,,,,,,,,20231124
2023-11-27,601857.SH,7.13,7.16,7.04,7.13,7.12,0.009999999999999787,0.14,852577.95,605065.026,,,,,,,,20231127
2023-11-28,601857.SH,7.12,7.13,7.05,7.07,7.13,-0.05999999999999961,-0.84,853112.76,603620.837,,,,,,,,20231128
2023-11-29,601857.SH,7.09,7.11,7.01,7.06,7.07,-0.010000000000000675,-0.14,1013495.1,715253.671,,,,,,,,20231129
2023-11-30,601857.SH,7.07,7.21,7.05,7.18,7.06,0.1200000000000001,1.7,1543681.32,1104333.141,,,,,,,,20231130
2023-12-01,601857.SH,7.18,7.23,7.13,7.18,7.18,0.0,0.0,981646.55,704325.713,,,,,,,,20231201
2023-12-04,601857.SH,7.18,7.29,7.17,7.2,7.18,0.020000000000000462,0.28,778993.38,563636.923,,,,,,,,20231204
2023-12-05,601857.SH,7.18,7.21,7.05,7.06,7.2,-0.14000000000000057,-1.94,737555.36,526154.573,,,,,,,,20231205
2023-12-06,601857.SH,7.05,7.09,6.81,6.81,7.06,-0.25,-3.54,1874733.33,1285485.744,,,,,,,,20231206
2023-12-07,601857.SH,6.76,6.82,6.71,6.78,6.81,-0.02999999999999936,-0.44,1049996.43,710900.793,,,,,,,,20231207
2023-12-08,601857.SH,6.11,6.28,6.09,6.18,6.1,0.08,1.31,1162014.97,800368.578,,,,,,,20231208.0,20231208
2023-12-11,601857.SH,6.18,6.22,6.0,6.18,6.18,0.0,0.0,1135475.47,772144.373,,,,,,,20231211.0,20231211
2023-12-12,601857.SH,6.17,6.23,6.09,6.22,6.18,0.04,0.65,837791.97,573794.656,,,,,,,20231212.0,20231212
2023-12-13,601857.SH,6.16,6.18,6.08,6.09,6.22,-0.1299999999999999,-2.09,906688.16,615881.7,,,,,,,20231213.0,20231213
2023-12-14,601857.SH,6.11,6.14,6.07,6.08,6.09,-0.0099999999999997,-0.16,590996.59,400725.688,,,,,,,20231214.0,20231214
2023-12-15,601857.SH,6.12,6.14,6.04,6.06,6.08,-0.0200000000000004,-0.33,717703.39,485491.163,,,,,,,20231215.0,20231215
2023-12-18,601857.SH,6.04,6.12,6.01,6.09,6.06,0.0300000000000002,0.5,587152.26,396818.949,,,,,,,20231218.0,20231218
2023-12-19,601857.SH,6.1,6.11,6.04,6.09,6.09,0.0,0.0,604562.34,408034.602,,,,,,,20231219.0,20231219
2023-12-20,601857.SH,6.09,6.17,6.08,6.09,6.09,0.0,0.0,773174.22,526177.324,,,,,,,20231220.0,20231220
2023-12-21,601857.SH,6.08,6.12,6.04,6.09,6.09,0.0,0.0,647116.09,438099.556,,,,,,,20231221.0,20231221
2023-12-22,601857.SH,6.09,6.18,6.09,6.15,6.09,0.0600000000000005,0.99,937391.84,640323.868,,,,,,,20231222.0,20231222
2023-12-25,601857.SH,6.12,6.25,6.11,6.23,6.15,0.08,1.3,794726.98,545944.105,,,,,,,20231225.0,20231225
2023-12-26,601857.SH,6.23,6.33,6.2,6.29,6.23,0.0599999999999996,0.96,949538.25,663657.089,,,,,,,20231226.0,20231226
2023-12-27,601857.SH,6.3,6.46,6.28,6.41,6.29,0.1200000000000001,1.91,1077889.64,767431.892,,,,,,,20231227.0,20231227
2023-12-28,601857.SH,6.42,6.46,6.31,6.36,6.41,-0.0499999999999998,-0.78,1167204.55,825151.57,,,,,,,20231228.0,20231228
2023-12-29,601857.SH,6.32,6.41,6.27,6.36,6.36,0.0,0.0,1188541.25,836445.198,,,,,,,20231229.0,20231229
2024-01-02,601857.SH,6.36,6.47,6.35,6.43,6.36,0.0699999999999994,1.1,1226086.89,873933.752,,,,,,,20240102.0,20240102
2024-01-03,601857.SH,6.43,6.57,6.4,6.55,6.43,0.1200000000000001,1.87,1346558.87,975419.831,,,,,,,20240103.0,20240103
2024-01-04,601857.SH,6.6,6.72,6.59,6.69,6.55,0.1400000000000005,2.14,1493913.02,1103951.799,,,,,,,20240104.0,20240104
2024-01-05,601857.SH,6.65,6.83,6.62,6.74,6.69,0.0499999999999998,0.75,1529002.32,1149424.617,,,,,,,20240105.0,20240105
2024-01-08,601857.SH,6.75,6.82,6.68,6.73,6.74,-0.0099999999999997,-0.15,1166565.27,873973.695,,,,,,,20240108.0,20240108
2024-01-09,601857.SH,6.64,6.73,6.59,6.72,6.73,-0.0100000000000006,-0.15,1069871.84,794234.789,,,,,,,20240109.0,20240109
2024-01-10,601857.SH,6.72,6.8,6.65,6.67,6.72,-0.0499999999999998,-0.74,798491.03,594867.513,,,,,,,20240110.0,20240110
2024-01-11,601857.SH,6.64,6.65,6.48,6.51,6.67,-0.1600000000000001,-2.4,1287456.12,937044.631,,,,,,,20240111.0,20240111
2024-01-12,601857.SH,6.54,6.57,6.46,6.51,6.51,0.0,0.0,950053.6,686252.13,,,,,,,20240112.0,20240112
2024-01-15,601857.SH,6.49,6.62,6.46,6.6,6.51,0.0899999999999998,1.38,872155.01,635988.823,,,,,,,20240115.0,20240115
2024-01-16,601857.SH,6.58,6.64,6.53,6.61,6.6,0.0100000000000006,0.15,1006076.2,735850.339,,,,,,,20240116.0,20240116
2024-01-17,601857.SH,6.57,6.61,6.48,6.48,6.61,-0.1299999999999999,-1.97,1008841.0,733811.243,,,,,,,20240117.0,20240117
2024-01-18,601857.SH,6.5,6.55,6.2,6.47,6.48,-0.0100000000000006,-0.15,1955629.37,1383391.364,,,,,,,20240118.0,20240118
2024-01-19,601857.SH,6.44,6.48,6.35,6.43,6.47,-0.04,-0.62,1196943.68,854091.376,,,,,,,20240119.0,20240119
2024-01-22,601857.SH,6.43,6.48,6.28,6.35,6.43,-0.08,-1.24,1309310.82,931752.789,,,,,,,20240122.0,20240122
2024-01-23,601857.SH,6.31,6.37,6.18,6.31,6.35,-0.04,-0.63,1353854.64,943482.518,,,,,,,20240123.0,20240123
2024-01-24,601857.SH,6.32,6.55,6.29,6.54,6.31,0.2300000000000004,3.65,1699854.31,1215700.399,,,,,,,20240124.0,20240124
2024-01-25,601857.SH,6.57,7.19,6.55,7.19,6.54,0.6500000000000004,9.94,3780275.34,2909825.46,,,,,,,20240125.0,20240125
2024-01-26,601857.SH,7.25,7.7,7.09,7.65,7.19,0.4599999999999999,6.4,5930095.59,4823883.68,,,,,,,20240126.0,20240126
2024-01-29,601857.SH,7.55,7.97,7.43,7.56,7.65,-0.0900000000000007,-1.18,5863924.63,4976919.504,,,,,,,20240129.0,20240129
2024-01-30,601857.SH,7.49,7.79,7.47,7.56,7.56,0.0,0.0,3644250.93,3082528.804,,,,,,,20240130.0,20240130
2024-01-31,601857.SH,7.51,7.71,7.47,7.53,7.56,-0.0299999999999993,-0.4,3218143.04,2709883.367,,,,,,,20240131.0,20240131
2024-02-01,601857.SH,7.38,7.52,7.28,7.34,7.53,-0.1900000000000004,-2.52,3644043.15,2985635.987,,,,,,,20240201.0,20240201
2024-02-02,601857.SH,7.29,7.47,7.18,7.29,7.34,-0.0499999999999998,-0.68,3083388.69,2519513.412,,,,,,,20240202.0,20240202
2024-02-05,601857.SH,7.26,7.58,7.26,7.48,7.29,0.1900000000000004,2.61,4355672.39,3600174.086,,,,,,,20240205.0,20240205
2024-02-06,601857.SH,7.43,7.51,7.24,7.31,7.48,-0.1700000000000008,-2.27,3280113.83,2674727.053,,,,,,,20240206.0,20240206
2024-02-07,601857.SH,7.29,7.49,7.14,7.48,7.31,0.1700000000000008,2.33,3734261.18,3027913.356,,,,,,,20240207.0,20240207
2024-02-08,601857.SH,7.39,7.56,7.32,7.45,7.48,-0.0300000000000002,-0.4,2687418.0,2220830.979,,,,,,,20240208.0,20240208
2024-02-19,601857.SH,7.45,7.8,7.39,7.79,7.45,0.3399999999999998,4.56,3215737.75,2732246.801,,,,,,,20240219.0,20240219
2024-02-20,601857.SH,7.74,7.81,7.67,7.78,7.79,-0.0099999999999997,-0.13,1845502.68,1589633.077,,,,,,,20240220.0,20240220
2024-02-21,601857.SH,7.74,8.05,7.72,7.84,7.78,0.0599999999999996,0.77,3122878.93,2738330.683,,,,,,,20240221.0,20240221
2024-02-22,601857.SH,7.77,8.29,7.77,8.29,7.84,0.4499999999999993,5.74,3224116.6,2885728.609,,,,,,,20240222.0,20240222
2024-02-23,601857.SH,8.36,8.4,8.1,8.17,8.29,-0.1199999999999992,-1.45,2824847.04,2570115.752,,,,,,,20240223.0,20240223
2024-02-26,601857.SH,8.1,8.22,7.93,7.96,8.17,-0.2099999999999999,-2.57,2487284.63,2223115.168,,,,,,,20240226.0,20240226
2024-02-27,601857.SH,7.96,8.11,7.92,7.99,7.96,0.0300000000000002,0.38,2084087.01,1851012.781,,,,,,,20240227.0,20240227
2024-02-28,601857.SH,7.93,8.08,7.81,7.96,7.99,-0.0300000000000002,-0.38,2787273.74,2457073.691,,,,,,,20240228.0,20240228
2024-02-29,601857.SH,7.9,7.99,7.87,7.96,7.96,0.0,0.0,2069395.63,1822502.487,,,,,,,20240229.0,20240229
2024-03-01,601857.SH,7.9,7.99,7.85,7.9,7.96,-0.0599999999999996,-0.75,1767140.38,1552046.718,,,,,,,20240301.0,20240301
2024-03-04,601857.SH,7.93,8.24,7.9,8.21,7.9,0.3100000000000005,3.92,3135454.01,2822418.974,,,,,,,20240304.0,20240304
2024-03-05,601857.SH,8.15,8.23,8.04,8.15,8.21,-0.0600000000000005,-0.73,2499298.65,2258240.356,,,,,,,20240305.0,20240305
2024-03-06,601857.SH,8.13,8.26,8.03,8.08,8.15,-0.0700000000000002,-0.86,1919105.08,1735199.602,,,,,,,20240306.0,20240306
2024-03-07,601857.SH,8.06,8.32,8.06,8.17,8.08,0.0899999999999998,1.11,2129867.31,1939805.586,,,,,,,20240307.0,20240307
2024-03-08,601857.SH,8.15,8.29,8.07,8.26,8.17,0.0899999999999998,1.1,2027216.0,1845160.428,,,,,,,20240308.0,20240308
2024-03-11,601857.SH,8.19,8.23,8.0,8.1,8.26,-0.1600000000000001,-1.94,2231140.02,2006531.744,,,,,,,20240311.0,20240311
2024-03-12,601857.SH,8.06,8.07,7.8,7.81,8.1,-0.29,-3.58,2569199.02,2250245.327,,,,,,,20240312.0,20240312
2024-03-13,601857.SH,7.77,7.88,7.68,7.82,7.81,0.0100000000000006,0.13,1738541.76,1506428.844,,,,,,,20240313.0,20240313
2024-03-14,601857.SH,7.81,8.03,7.81,7.91,7.82,0.0899999999999998,1.15,2136977.75,1887040.144,,,,,,,20240314.0,20240314
2024-03-15,601857.SH,7.92,7.99,7.82,7.97,7.91,0.0599999999999996,0.76,1610674.15,1417302.911,,,,,,,20240315.0,20240315
2024-03-18,601857.SH,7.95,8.03,7.88,7.98,7.97,0.0100000000000006,0.13,1084720.56,957393.644,,,,,,,20240318.0,20240318
2024-03-19,601857.SH,7.99,8.15,7.99,8.01,7.98,0.0299999999999993,0.38,1548477.75,1389004.779,,,,,,,20240319.0,20240319
2024-03-20,601857.SH,8.04,8.26,7.93,8.23,8.01,0.2200000000000006,2.75,1831316.38,1658626.118,,,,,,,20240320.0,20240320
2024-03-21,601857.SH,8.17,8.31,8.13,8.26,8.23,0.0299999999999993,0.36,1207836.06,1105290.823,,,,,,,20240321.0,20240321
2024-03-22,601857.SH,8.2,8.31,8.07,8.17,8.26,-0.0899999999999998,-1.09,1604447.02,1454068.494,,,,,,,20240322.0,20240322
2024-03-25,601857.SH,8.14,8.44,8.13,8.35,8.17,0.1799999999999997,2.2,1802880.68,1667558.403,,,,,,,20240325.0,20240325
2024-03-26,601857.SH,8.36,8.4,8.2,8.29,8.35,-0.0600000000000005,-0.72,1909464.91,1756886.631,,,,,,,20240326.0,20240326
2024-03-27,601857.SH,8.23,8.32,8.18,8.26,8.29,-0.0299999999999993,-0.36,1324508.04,1213742.88,,,,,,,20240327.0,20240327
2024-03-28,601857.SH,8.26,8.39,8.14,8.33,8.26,0.0700000000000002,0.85,1575852.61,1448963.366,,,,,,,20240328.0,20240328
2024-03-29,601857.SH,8.4,8.91,8.39,8.89,8.33,0.5600000000000005,6.72,2646470.85,2568975.098,,,,,,,20240329.0,20240329
2024-04-01,601857.SH,8.82,8.91,8.7,8.77,8.89,-0.120000000000001,-1.35,1941360.16,1897318.194,,,,,,,20240401.0,20240401
2024-04-02,601857.SH,8.81,9.11,8.8,8.97,8.77,0.200000000000001,2.28,2221506.19,2211912.874,,,,,,,20240402.0,20240402
2024-04-03,601857.SH,9.07,9.31,9.0,9.16,8.97,0.1899999999999995,2.12,2828125.51,2879116.081,,,,,,,20240403.0,20240403
2024-04-08,601857.SH,9.05,9.47,9.0,9.25,9.16,0.0899999999999998,0.98,2814908.91,2899428.549,,,,,,,20240408.0,20240408
2024-04-09,601857.SH,9.21,9.38,8.98,9.11,9.25,-0.1400000000000005,-1.51,1981017.47,2010125.333,,,,,,,20240409.0,20240409
2024-04-10,601857.SH,9.06,9.3,9.03,9.25,9.11,0.1400000000000005,1.54,1790332.47,1826061.454,,,,,,,20240410.0,20240410
2024-04-11,601857.SH,9.22,9.34,9.16,9.21,9.25,-0.0399999999999991,-0.43,1588784.99,1629392.486,,,,,,,20240411.0,20240411
2024-04-12,601857.SH,9.17,9.28,9.13,9.25,9.21,0.0399999999999991,0.43,1583924.36,1621717.959,,,,,,,20240412.0,20240412
2024-04-15,601857.SH,9.16,9.66,9.11,9.61,9.25,0.3599999999999994,3.89,2676635.7,2809133.935,,,,,,,20240415.0,20240415
2024-04-16,601857.SH,9.54,9.92,9.53,9.81,9.61,0.200000000000001,2.08,3185850.62,3453312.34,,,,,,,20240416.0,20240416
2024-04-17,601857.SH,9.68,9.84,9.53,9.84,9.81,0.0299999999999993,0.31,2439975.34,2623289.378,,,,,,,20240417.0,20240417
2024-04-18,601857.SH,9.65,9.76,9.51,9.56,9.84,-0.2799999999999993,-2.85,2600512.76,2775276.178,,,,,,,20240418.0,20240418
2024-04-19,601857.SH,9.62,9.96,9.62,9.83,9.56,0.2699999999999996,2.82,3417663.33,3718370.991,,,,,,,20240419.0,20240419
2024-04-22,601857.SH,9.72,9.95,9.52,9.57,9.83,-0.2599999999999998,-2.64,2571758.36,2763287.873,,,,,,,20240422.0,20240422
2024-04-23,601857.SH,9.49,9.49,9.2,9.32,9.57,-0.25,-2.61,2494548.37,2584610.112,,,,,,,20240423.0,20240423
2024-04-24,601857.SH,9.35,9.41,9.22,9.39,9.32,0.0700000000000002,0.75,1582284.08,1639942.725,,,,,,,20240424.0,20240424
2024-04-25,601857.SH,9.33,9.5,9.25,9.49,9.39,0.0999999999999996,1.06,1620017.12,1687183.981,,,,,,,20240425.0,20240425
2024-04-26,601857.SH,9.55,9.77,9.53,9.62,9.49,0.129999999999999,1.37,2449801.02,2625222.861,,,,,,,20240426.0,20240426
2024-04-29,601857.SH,9.53,9.53,9.18,9.2,9.62,-0.4199999999999999,-4.37,3321670.31,3421211.088,,,,,,,20240429.0,20240429
2024-04-30,601857.SH,9.11,9.36,9.06,9.25,9.2,0.0500000000000007,0.54,2450672.06,2520669.927,,,,,,,20240430.0,20240430
2024-05-06,601857.SH,9.0,9.04,8.84,9.01,9.25,-0.2400000000000002,-2.59,4179527.03,4142433.777,,,,,,,20240506.0,20240506
2024-05-07,601857.SH,8.97,9.11,8.95,9.11,9.01,0.0999999999999996,1.11,2426159.26,2439617.96,,,,,,,20240507.0,20240507
2024-05-08,601857.SH,9.07,9.29,9.06,9.12,9.11,0.0099999999999997,0.11,2045592.97,2083992.061,,,,,,,20240508.0,20240508
2024-05-09,601857.SH,9.15,9.18,9.02,9.07,9.12,-0.0499999999999989,-0.55,1705341.87,1720816.934,,,,,,,20240509.0,20240509
2024-05-10,601857.SH,9.1,9.16,9.05,9.07,9.07,0.0,0.0,1555789.91,1571078.59,,,,,,,20240510.0,20240510
2024-05-13,601857.SH,8.94,9.09,8.92,9.02,9.07,-0.0500000000000007,-0.55,1671123.41,1674881.462,,,,,,,20240513.0,20240513
2024-05-14,601857.SH,9.04,9.06,8.88,8.94,9.02,-0.08,-0.89,2108588.26,2092693.112,,,,,,,20240514.0,20240514
2024-05-15,601857.SH,8.89,8.98,8.82,8.9,8.94,-0.0399999999999991,-0.45,1449595.1,1432059.273,,,,,,,20240515.0,20240515
2024-05-16,601857.SH,8.93,8.95,8.83,8.85,8.9,-0.0500000000000007,-0.56,1299529.52,1279126.308,,,,,,,20240516.0,20240516
2024-05-17,601857.SH,8.85,8.97,8.81,8.93,8.85,0.08,0.9,1556887.87,1539362.564,,,,,,,20240517.0,20240517
2024-05-20,601857.SH,8.96,9.25,8.89,9.19,8.93,0.2599999999999998,2.91,2877406.53,2905889.837,,,,,,,20240520.0,20240520
2024-05-21,601857.SH,9.12,9.16,8.98,9.12,9.19,-0.0700000000000002,-0.76,1655795.72,1673080.165,,,,,,,20240521.0,20240521
2024-05-22,601857.SH,9.09,9.16,9.01,9.05,9.12,-0.0699999999999985,-0.77,1314605.54,1323570.324,,,,,,,20240522.0,20240522
2024-05-23,601857.SH,8.98,9.0,8.9,8.92,9.05,-0.1300000000000007,-1.44,1281721.37,1274158.042,,,,,,,20240523.0,20240523
2024-05-24,601857.SH,8.92,9.06,8.9,8.98,8.92,0.0600000000000005,0.67,1310329.08,1307904.544,,,,,,,20240524.0,20240524
2024-05-27,601857.SH,8.98,9.27,8.98,9.22,8.98,0.2400000000000002,2.67,2248013.7,2292678.374,,,,,,,20240527.0,20240527
2024-05-28,601857.SH,9.23,9.45,9.2,9.35,9.22,0.129999999999999,1.41,2115890.81,2201043.402,,,,,,,20240528.0,20240528
2024-05-29,601857.SH,9.42,9.48,9.29,9.44,9.35,0.0899999999999998,0.96,1453698.63,1520595.893,,,,,,,20240529.0,20240529
2024-05-30,601857.SH,9.33,9.48,9.15,9.18,9.44,-0.2599999999999998,-2.75,1733541.42,1790480.148,,,,,,,20240530.0,20240530
2024-05-31,601857.SH,9.1,9.2,9.07,9.13,9.18,-0.0499999999999989,-0.54,1353944.99,1374058.265,,,,,,,20240531.0,20240531
2024-06-03,601857.SH,9.15,9.25,9.08,9.15,9.13,0.0199999999999995,0.22,1817872.12,1851083.078,,,,,,,20240603.0,20240603
2024-06-04,601857.SH,8.97,9.02,8.87,8.99,9.15,-0.1600000000000001,-1.75,2141284.44,2130211.897,,,,,,,20240604.0,20240604
2024-06-05,601857.SH,8.96,9.02,8.73,8.8,8.99,-0.1899999999999995,-2.11,2175947.66,2140009.482,,,,,,,20240605.0,20240605
2024-06-06,601857.SH,8.82,9.07,8.79,8.99,8.8,0.1899999999999995,2.16,2547537.43,2539095.882,,,,,,,20240606.0,20240606
2024-06-07,601857.SH,9.06,9.11,8.91,8.99,8.99,0.0,0.0,1453143.01,1453898.755,,,,,,,20240607.0,20240607
2024-06-11,601857.SH,9.07,9.1,8.8,8.84,8.99,-0.1500000000000003,-1.67,1973929.85,1953839.971,,,,,,,20240611.0,20240611
2024-06-12,601857.SH,8.81,9.01,8.75,9.0,8.84,0.1600000000000001,1.81,1724169.42,1706992.691,,,,,,,20240612.0,20240612
2024-06-13,601857.SH,9.01,9.03,8.88,8.92,9.0,-0.08,-0.89,1207755.59,1199428.285,,,,,,,20240613.0,20240613
2024-06-14,601857.SH,8.89,8.91,8.82,8.85,8.92,-0.0700000000000002,-0.78,1258439.05,1239005.989,,,,,,,20240614.0,20240614
2024-06-17,601857.SH,8.82,8.85,8.68,8.69,8.85,-0.1600000000000001,-1.81,1553835.1,1508379.575,,,,,,,20240617.0,20240617
2024-06-18,601857.SH,8.72,8.79,8.59,8.79,8.69,0.0999999999999996,1.15,1431450.64,1385664.532,,,,,,,20240618.0,20240618
2024-06-19,601857.SH,8.79,8.95,8.77,8.9,8.79,0.1100000000000012,1.25,1479238.71,1461070.285,,,,,,,20240619.0,20240619
2024-06-20,601857.SH,8.89,9.07,8.88,9.06,8.9,0.1600000000000001,1.8,2264309.22,2258647.251,,,,,,,20240620.0,20240620
2024-06-21,601857.SH,9.05,9.21,8.95,8.98,9.06,-0.08,-0.88,1772746.2,1785322.174,,,,,,,20240621.0,20240621
2024-06-24,601857.SH,8.96,9.07,8.96,9.03,8.98,0.0499999999999989,0.56,1185026.94,1188036.678,,,,,,,20240624.0,20240624
2024-06-25,601857.SH,9.03,9.19,8.98,9.05,9.03,0.0200000000000013,0.22,1598439.32,1609730.622,,,,,,,20240625.0,20240625
2024-06-26,601857.SH,9.06,9.07,8.87,8.94,9.05,-0.1100000000000012,-1.22,1302946.12,1264405.921,,,,,,,20240626.0,20240626
2024-06-27,601857.SH,8.9,8.98,8.81,8.93,8.94,-0.0099999999999997,-0.11,1386924.37,1340837.541,,,,,,,20240627.0,20240627
2024-06-28,601857.SH,8.95,9.53,8.94,9.51,8.93,0.5800000000000001,6.49,2702549.46,2723612.874,,,,,,,20240628.0,20240628
2024-07-01,601857.SH,9.48,9.71,9.44,9.61,9.51,0.0999999999999996,1.05,1743307.15,1809272.313,,,,,,,20240701.0,20240701
2024-07-02,601857.SH,9.7,9.91,9.6,9.82,9.61,0.2100000000000008,2.19,1771949.19,1874149.29,,,,,,,20240702.0,20240702
2024-07-03,601857.SH,9.81,9.9,9.65,9.74,9.82,-0.08,-0.81,1384818.09,1466419.334,,,,,,,20240703.0,20240703
2024-07-04,601857.SH,9.75,9.88,9.75,9.8,9.74,0.0600000000000005,0.62,1203806.62,1282164.407,,,,,,,20240704.0,20240704
2024-07-05,601857.SH,9.79,9.86,9.53,9.71,9.8,-0.0899999999999998,-0.92,1650690.07,1729155.526,,,,,,,20240705.0,20240705
2024-07-08,601857.SH,9.62,9.91,9.59,9.83,9.71,0.1199999999999992,1.24,1390777.89,1479551.353,,,,,,,20240708.0,20240708
2024-07-09,601857.SH,9.82,9.85,9.7,9.8,9.83,-0.0299999999999993,-0.31,1128519.26,1199119.687,,,,,,,20240709.0,20240709
2024-07-10,601857.SH,9.79,9.82,9.5,9.52,9.8,-0.2800000000000011,-2.86,1567583.93,1635268.559,,,,,,,20240710.0,20240710
2024-07-11,601857.SH,9.54,9.65,9.44,9.64,9.52,0.120000000000001,1.26,1397590.18,1450536.535,,,,,,,20240711.0,20240711
2024-07-12,601857.SH,9.61,9.75,9.46,9.52,9.64,-0.120000000000001,-1.24,1359350.64,1412404.284,,,,,,,20240712.0,20240712
2024-07-15,601857.SH,9.44,9.68,9.34,9.65,9.52,0.1300000000000007,1.37,1534145.21,1594666.896,,,,,,,20240715.0,20240715
2024-07-16,601857.SH,9.62,9.73,9.55,9.68,9.65,0.0299999999999993,0.31,1114835.75,1168563.677,,,,,,,20240716.0,20240716
2024-07-17,601857.SH,9.64,9.68,9.26,9.3,9.68,-0.379999999999999,-3.93,2139499.5,2184469.848,,,,,,,20240717.0,20240717
2024-07-18,601857.SH,9.32,9.42,9.22,9.4,9.3,0.0999999999999996,1.08,1486272.46,1506784.061,,,,,,,20240718.0,20240718
2024-07-19,601857.SH,9.31,9.32,9.1,9.19,9.4,-0.2100000000000008,-2.23,1876459.19,1868948.688,,,,,,,20240719.0,20240719
2024-07-22,601857.SH,9.09,9.09,8.74,8.87,9.19,-0.3200000000000003,-3.48,2576414.29,2478545.193,,,,,,,20240722.0,20240722
2024-07-23,601857.SH,8.83,8.87,8.75,8.76,8.87,-0.1099999999999994,-1.24,1444746.35,1380092.475,,,,,,,20240723.0,20240723
2024-07-24,601857.SH,8.75,8.88,8.68,8.81,8.76,0.0500000000000007,0.57,1718396.06,1636607.951,,,,,,,20240724.0,20240724
2024-07-25,601857.SH,8.8,8.8,8.41,8.44,8.81,-0.370000000000001,-4.2,2261720.07,2089178.544,,,,,,,20240725.0,20240725
2024-07-26,601857.SH,8.41,8.5,8.31,8.39,8.44,-0.0499999999999989,-0.59,1659726.43,1509720.705,,,,,,,20240726.0,20240726
2024-07-29,601857.SH,8.32,8.44,8.25,8.42,8.39,0.0299999999999993,0.36,1309562.11,1187012.036,,,,,,,20240729.0,20240729
2024-07-30,601857.SH,8.35,8.35,8.09,8.09,8.42,-0.33,-3.92,2183524.03,1936105.494,,,,,,,20240730.0,20240730
2024-07-31,601857.SH,8.06,8.28,8.05,8.27,8.09,0.1799999999999997,2.22,2009305.36,1786098.511,,,,,,,20240731.0,20240731
2024-08-01,601857.SH,8.36,8.45,8.25,8.32,8.27,0.0500000000000007,0.6,1600744.94,1449132.223,,,,,,,20240801.0,20240801
2024-08-02,601857.SH,8.17,8.21,8.09,8.16,8.32,-0.1600000000000001,-1.92,1346720.28,1191228.816,,,,,,,20240802.0,20240802
2024-08-05,601857.SH,7.97,8.06,7.73,7.76,8.16,-0.4000000000000003,-4.9,2933267.77,2506938.476,,,,,,,20240805.0,20240805
2024-08-06,601857.SH,7.81,7.9,7.76,7.82,7.76,0.0600000000000005,0.77,1358303.97,1152287.288,,,,,,,20240806.0,20240806
2024-08-07,601857.SH,7.78,8.03,7.72,7.92,7.82,0.0999999999999996,1.28,1577568.43,1357786.434,,,,,,,20240807.0,20240807
2024-08-08,601857.SH,7.97,8.03,7.87,7.88,7.92,-0.04,-0.51,992500.02,854385.928,,,,,,,20240808.0,20240808
2024-08-09,601857.SH,7.91,8.09,7.89,8.05,7.88,0.1700000000000008,2.16,1599886.41,1394823.876,,,,,,,20240809.0,20240809
2024-08-12,601857.SH,8.04,8.11,7.99,8.03,8.05,-0.0200000000000013,-0.25,909479.14,793562.497,,,,,,,20240812.0,20240812
2024-08-13,601857.SH,8.1,8.18,8.01,8.1,8.03,0.0700000000000002,0.87,1261014.91,1105109.224,,,,,,,20240813.0,20240813
2024-08-14,601857.SH,8.03,8.1,7.98,8.09,8.1,-0.0099999999999997,-0.12,780732.02,682838.065,,,,,,,20240814.0,20240814
2024-08-15,601857.SH,8.06,8.21,8.03,8.16,8.09,0.0700000000000002,0.87,1139332.32,1007999.859,,,,,,,20240815.0,20240815
2024-08-16,601857.SH,8.18,8.34,8.17,8.3,8.16,0.1400000000000005,1.72,1268546.14,1139101.885,,,,,,,20240816.0,20240816
2024-08-19,601857.SH,8.27,8.4,8.23,8.36,8.3,0.0599999999999987,0.72,1056188.02,955618.123,,,,,,,20240819.0,20240819
2024-08-20,601857.SH,8.33,8.38,8.12,8.19,8.36,-0.1699999999999999,-2.03,1405325.24,1254182.355,,,,,,,20240820.0,20240820
2024-08-21,601857.SH,8.15,8.23,8.11,8.23,8.19,0.0400000000000009,0.49,845655.39,750297.73,,,,,,,20240821.0,20240821
2024-08-22,601857.SH,8.18,8.24,8.12,8.2,8.23,-0.0300000000000011,-0.36,878912.99,781318.037,,,,,,,20240822.0,20240822
2024-08-23,601857.SH,8.22,8.38,8.16,8.23,8.2,0.0300000000000011,0.37,959815.06,859537.312,,,,,,,20240823.0,20240823
2024-08-26,601857.SH,8.3,8.38,8.22,8.34,8.23,0.1099999999999994,1.34,1137326.44,1022443.901,,,,,,,20240826.0,20240826
2024-08-27,601857.SH,8.39,8.62,8.34,8.59,8.34,0.25,3.0,2174499.74,2011545.766,,,,,,,20240827.0,20240827
2024-08-28,601857.SH,8.52,8.62,8.4,8.46,8.59,-0.129999999999999,-1.51,1360484.4,1254670.844,,,,,,,20240828.0,20240828
2024-08-29,601857.SH,8.42,8.44,8.15,8.2,8.46,-0.2600000000000015,-3.07,1458572.94,1305475.81,,,,,,,20240829.0,20240829
2024-08-30,601857.SH,8.2,8.33,8.11,8.23,8.2,0.0300000000000011,0.37,1549531.62,1385639.932,,,,,,,20240830.0,20240830
2024-09-02,601857.SH,8.15,8.36,8.02,8.3,8.23,0.0700000000000002,0.85,1452107.93,1300193.607,,,,,,,20240902.0,20240902
2024-09-03,601857.SH,8.27,8.33,7.99,8.03,8.3,-0.2700000000000013,-3.25,1647423.0,1443072.088,,,,,,,20240903.0,20240903
2024-09-04,601857.SH,7.82,7.82,7.53,7.6,8.03,-0.4299999999999997,-5.35,2342152.59,1939151.036,,,,,,,20240904.0,20240904
2024-09-05,601857.SH,7.56,7.63,7.42,7.49,7.6,-0.1099999999999994,-1.45,1653424.72,1342872.183,,,,,,,20240905.0,20240905
2024-09-06,601857.SH,7.47,7.56,7.41,7.41,7.49,-0.08,-1.07,1110479.36,901374.546,,,,,,,20240906.0,20240906
2024-09-09,601857.SH,7.36,7.37,7.1,7.21,7.41,-0.2000000000000001,-2.7,1830158.42,1428680.734,,,,,,,20240909.0,20240909
2024-09-10,601857.SH,7.23,7.33,7.21,7.28,7.21,0.0700000000000002,0.97,1255346.5,989432.353,,,,,,,20240910.0,20240910
2024-09-11,601857.SH,7.11,7.16,6.96,7.14,7.28,-0.1400000000000005,-1.92,2023977.41,1545930.431,,,,,,,20240911.0,20240911
2024-09-12,601857.SH,7.12,7.25,7.09,7.22,7.14,0.08,1.12,1331868.01,1037762.145,,,,,,,20240912.0,20240912
2024-09-13,601857.SH,7.26,7.35,7.26,7.28,7.22,0.0600000000000005,0.83,1297171.94,1029572.481,,,,,,,20240913.0,20240913
2024-09-18,601857.SH,7.29,7.46,7.29,7.43,7.28,0.1499999999999994,2.06,1174422.01,941347.769,,,,,,,20240918.0,20240918
2024-09-19,601857.SH,7.48,7.48,7.29,7.44,7.43,0.0100000000000006,0.13,1153688.18,899950.256,,,,,,,20240919.0,20240919
2024-09-20,601857.SH,7.47,7.59,7.42,7.49,7.44,0.0499999999999998,0.67,1334880.8,1058130.225,,,,,,,20240920.0,20240920
2024-09-23,601857.SH,7.49,7.66,7.45,7.59,7.49,0.0999999999999996,1.34,965866.03,772046.984,,,,,,,20240923.0,20240923
2024-09-24,601857.SH,7.68,7.93,7.62,7.92,7.59,0.33,4.35,1839363.23,1513319.694,,,,,,,20240924.0,20240924
2024-09-25,601857.SH,8.06,8.2,7.93,7.96,7.92,0.04,0.51,2124735.16,1805556.499,,,,,,,20240925.0,20240925
2024-09-26,601857.SH,7.86,8.0,7.82,7.95,7.96,-0.0099999999999997,-0.13,2957529.68,2464797.43,,,,,,,20240926.0,20240926
2024-09-27,601857.SH,7.95,7.96,7.84,7.94,7.95,-0.0099999999999997,-0.13,1794093.73,1496451.827,,,,,,,20240927.0,20240927
2024-09-30,601857.SH,8.08,8.69,8.08,8.54,7.94,0.5999999999999988,7.56,5409261.89,4758267.275,,,,,,,20240930.0,20240930
2024-10-08,601857.SH,9.4,9.4,8.43,8.85,8.54,0.3100000000000005,3.63,6429853.22,6034716.233,,,,,,,20241008.0,20241008
2024-10-09,601857.SH,8.62,8.65,8.0,8.0,8.85,-0.8499999999999996,-9.6,4449018.25,3873797.994,,,,,,,20241009.0,20241009
2024-10-10,601857.SH,8.02,8.54,8.02,8.28,8.0,0.2799999999999993,3.5,3934855.53,3451721.238,,,,,,,20241010.0,20241010
2024-10-11,601857.SH,8.38,8.42,8.18,8.24,8.28,-0.0399999999999991,-0.48,2514851.77,2204108.994,,,,,,,20241011.0,20241011
2024-10-14,601857.SH,8.24,8.37,8.17,8.29,8.24,0.0499999999999989,0.61,2214551.25,1934312.204,,,,,,,20241014.0,20241014
2024-10-15,601857.SH,8.13,8.16,7.98,7.99,8.29,-0.2999999999999989,-3.62,2255166.56,1918310.046,,,,,,,20241015.0,20241015
2024-10-16,601857.SH,7.96,8.05,7.88,7.98,7.99,-0.0099999999999997,-0.13,1669120.34,1404550.565,,,,,,,20241016.0,20241016
2024-10-17,601857.SH,7.97,8.14,7.91,7.91,7.98,-0.0700000000000002,-0.88,1798041.41,1522345.25,,,,,,,20241017.0,20241017
2024-10-18,601857.SH,7.95,8.15,7.91,8.09,7.91,0.1799999999999997,2.28,2402183.41,2036682.441,,,,,,,20241018.0,20241018
2024-10-21,601857.SH,8.05,8.14,7.97,8.01,8.09,-0.08,-0.99,2292546.26,1942472.507,,,,,,,20241021.0,20241021
2024-10-22,601857.SH,8.01,8.06,7.99,8.01,8.01,0.0,0.0,1670435.06,1414903.217,,,,,,,20241022.0,20241022
2024-10-23,601857.SH,8.05,8.08,7.99,8.03,8.01,0.0199999999999995,0.25,1955565.24,1657075.962,,,,,,,20241023.0,20241023
2024-10-24,601857.SH,8.01,8.02,7.94,8.0,8.03,-0.0299999999999993,-0.37,978372.61,825453.466,,,,,,,20241024.0,20241024
2024-10-25,601857.SH,7.97,8.0,7.94,7.95,8.0,-0.0499999999999998,-0.62,1218970.08,1024342.011,,,,,,,20241025.0,20241025
2024-10-28,601857.SH,7.89,7.93,7.75,7.93,7.95,-0.0200000000000004,-0.25,2260084.81,1865061.282,,,,,,,20241028.0,20241028
2024-10-29,601857.SH,7.85,7.89,7.77,7.77,7.93,-0.1600000000000001,-2.02,1590375.56,1313118.647,,,,,,,20241029.0,20241029
2024-10-30,601857.SH,7.77,7.82,7.65,7.68,7.77,-0.0899999999999998,-1.16,1584254.31,1290071.545,,,,,,,20241030.0,20241030
2024-10-31,601857.SH,7.7,7.73,7.64,7.67,7.68,-0.0099999999999997,-0.13,1283101.5,1039938.547,,,,,,,20241031.0,20241031
2024-11-01,601857.SH,7.7,7.94,7.68,7.86,7.67,0.1900000000000004,2.48,2805246.59,2322035.822,,,,,,,20241101.0,20241101
2024-11-04,601857.SH,7.87,7.9,7.7,7.77,7.86,-0.0900000000000007,-1.15,1949854.82,1593503.765,,,,,,,20241104.0,20241104
2024-11-05,601857.SH,7.77,7.85,7.71,7.84,7.77,0.0700000000000002,0.9,2036944.83,1676962.49,,,,,,,20241105.0,20241105
2024-11-06,601857.SH,7.8,7.96,7.79,7.82,7.84,-0.0199999999999995,-0.26,2373457.22,1969970.799,,,,,,,20241106.0,20241106
2024-11-07,601857.SH,7.79,7.91,7.73,7.91,7.82,0.0899999999999998,1.15,2446810.6,2019718.751,,,,,,,20241107.0,20241107
2024-11-08,601857.SH,7.91,7.95,7.79,7.82,7.91,-0.0899999999999998,-1.14,2061592.31,1710854.042,,,,,,,20241108.0,20241108
2024-11-11,601857.SH,7.77,7.77,7.6,7.66,7.82,-0.1600000000000001,-2.05,2487678.11,2009778.978,,,,,,,20241111.0,20241111
2024-11-12,601857.SH,7.61,7.73,7.57,7.58,7.66,-0.08,-1.04,2130889.44,1716917.877,,,,,,,20241112.0,20241112
2024-11-13,601857.SH,7.57,7.73,7.55,7.64,7.58,0.0599999999999996,0.79,2233180.88,1803260.184,,,,,,,20241113.0,20241113
2024-11-14,601857.SH,7.61,7.72,7.6,7.61,7.64,-0.0299999999999993,-0.39,1850581.27,1497145.402,,,,,,,20241114.0,20241114
2024-11-15,601857.SH,7.61,7.67,7.56,7.61,7.61,0.0,0.0,1853546.6,1489484.687,,,,,,,20241115.0,20241115
2024-11-18,601857.SH,7.62,7.8,7.61,7.72,7.61,0.1099999999999994,1.45,2782130.49,2270719.679,,,,,,,20241118.0,20241118
2024-11-19,601857.SH,7.76,7.77,7.64,7.7,7.72,-0.0199999999999995,-0.26,1697556.27,1375912.252,,,,,,,20241119.0,20241119
2024-11-20,601857.SH,7.67,7.72,7.64,7.7,7.7,0.0,0.0,1175676.57,953324.0,,,,,,,20241120.0,20241120
2024-11-21,601857.SH,7.68,7.73,7.65,7.68,7.7,-0.0200000000000004,-0.26,1034575.9,840590.756,,,,,,,20241121.0,20241121
2024-11-22,601857.SH,7.7,7.76,7.59,7.59,7.68,-0.0899999999999998,-1.17,1664004.15,1345765.046,,,,,,,20241122.0,20241122
2024-11-25,601857.SH,7.63,7.72,7.58,7.61,7.59,0.0200000000000004,0.26,1515802.29,1222692.183,,,,,,,20241125.0,20241125
2024-11-26,601857.SH,7.55,7.61,7.43,7.6,7.61,-0.0100000000000006,-0.13,1313712.51,1044289.9,,,,,,,20241126.0,20241126
2024-11-27,601857.SH,7.56,7.62,7.52,7.61,7.6,0.0100000000000006,0.13,960155.37,767807.338,,,,,,,20241127.0,20241127
2024-11-28,601857.SH,7.6,7.64,7.57,7.61,7.61,0.0,0.0,756555.0,607167.983,,,,,,,20241128.0,20241128
2024-11-29,601857.SH,7.62,7.68,7.61,7.62,7.61,0.0099999999999997,0.13,1291504.25,1042135.82,,,,,,,20241129.0,20241129
2024-12-02,601857.SH,7.64,7.64,7.57,7.6,7.62,-0.0200000000000004,-0.26,1300252.01,1042573.213,,,,,,,20241202.0,20241202
2024-12-03,601857.SH,7.59,7.67,7.56,7.67,7.6,0.0700000000000002,0.92,1599734.33,1286566.304,,,,,,,20241203.0,20241203
2024-12-04,601857.SH,7.67,8.0,7.67,8.0,7.67,0.33,4.3,4325549.98,3600733.255,,,,,,,20241204.0,20241204
2024-12-05,601857.SH,7.88,7.94,7.82,7.85,8.0,-0.1500000000000003,-1.88,1827162.02,1517775.073,,,,,,,20241205.0,20241205
2024-12-06,601857.SH,7.84,7.95,7.83,7.88,7.85,0.0300000000000002,0.38,1598333.36,1330524.079,,,,,,,20241206.0,20241206
2024-12-09,601857.SH,7.85,8.03,7.81,7.99,7.88,0.1100000000000003,1.4,2126592.43,1789796.053,,,,,,,20241209.0,20241209
2024-12-10,601857.SH,8.08,8.13,7.91,7.92,7.99,-0.0700000000000002,-0.88,1914230.22,1612096.547,,,,,,,20241210.0,20241210
2024-12-11,601857.SH,7.9,8.02,7.89,8.0,7.92,0.08,1.01,1503909.14,1264886.129,,,,,,,20241211.0,20241211
2024-12-12,601857.SH,8.01,8.09,7.98,8.0,8.0,0.0,0.0,1392177.88,1178253.733,,,,,,,20241212.0,20241212
2024-12-13,601857.SH,7.97,7.99,7.83,7.84,8.0,-0.1600000000000001,-2.0,1627296.05,1355494.586,,,,,,,20241213.0,20241213
2024-12-16,601857.SH,7.82,8.04,7.82,8.0,7.84,0.1600000000000001,2.04,2072054.56,1745663.828,,,,,,,20241216.0,20241216
2024-12-17,601857.SH,7.99,8.14,7.99,8.03,8.0,0.0299999999999993,0.37,1625591.32,1382591.696,,,,,,,20241217.0,20241217
2024-12-18,601857.SH,8.07,8.14,8.03,8.06,8.03,0.0300000000000011,0.37,1324766.89,1130071.894,,,,,,,20241218.0,20241218
2024-12-19,601857.SH,8.01,8.1,7.96,7.98,8.06,-0.08,-0.99,1261273.93,1067693.429,,,,,,,20241219.0,20241219
2024-12-20,601857.SH,7.97,8.0,7.89,7.9,7.98,-0.08,-1.0,1060721.26,887490.575,,,,,,,20241220.0,20241220
2024-12-23,601857.SH,7.94,8.17,7.93,8.13,7.9,0.2300000000000004,2.91,2236032.68,1909500.531,,,,,,,20241223.0,20241223
2024-12-24,601857.SH,8.09,8.36,8.05,8.32,8.13,0.1899999999999995,2.34,2386242.72,2083028.591,,,,,,,20241224.0,20241224
2024-12-25,601857.SH,8.3,8.57,8.29,8.54,8.32,0.2199999999999988,2.64,2503520.51,2241802.966,,,,,,,20241225.0,20241225
2024-12-26,601857.SH,8.54,8.54,8.38,8.5,8.54,-0.0399999999999991,-0.47,1845506.97,1647425.131,,,,,,,20241226.0,20241226
2024-12-27,601857.SH,8.51,8.59,8.35,8.45,8.5,-0.0500000000000007,-0.59,1451990.07,1291502.032,,,,,,,20241227.0,20241227
2024-12-30,601857.SH,8.45,8.6,8.44,8.53,8.45,0.08,0.95,1459250.07,1311769.433,,,,,,,20241230.0,20241230
2024-12-31,601857.SH,8.54,8.57,8.45,8.47,8.53,-0.0599999999999987,-0.7,1554073.59,1396986.883,,,,,,,20241231.0,20241231
2025-01-02,601857.SH,8.44,8.54,8.27,8.31,8.47,-0.1600000000000001,-1.89,1849814.42,1636853.877,,,,,,,20250102.0,20250102
2025-01-03,601857.SH,8.35,8.48,8.34,8.38,8.31,0.0700000000000002,0.84,1789653.1,1589925.43,,,,,,,20250103.0,20250103
2025-01-06,601857.SH,8.4,8.48,8.22,8.44,8.38,0.0599999999999987,0.72,1704628.04,1509884.54,,,,,,,20250106.0,20250106
2025-01-07,601857.SH,8.39,8.46,8.29,8.37,8.44,-0.0700000000000002,-0.83,1222673.27,1077809.048,,,,,,,20250107.0,20250107
2025-01-08,601857.SH,8.39,8.69,8.37,8.57,8.37,0.200000000000001,2.39,2275089.32,2057337.764,,,,,,,20250108.0,20250108
2025-01-09,601857.SH,8.52,8.55,8.24,8.36,8.57,-0.2100000000000008,-2.45,1536295.38,1361696.664,,,,,,,20250109.0,20250109
2025-01-10,601857.SH,8.39,8.44,8.23,8.29,8.36,-0.0700000000000002,-0.84,1434638.02,1258431.039,,,,,,,20250110.0,20250110
2025-01-13,601857.SH,8.43,8.48,8.26,8.4,8.29,0.1100000000000012,1.33,1781679.45,1578493.988,,,,,,,20250113.0,20250113
2025-01-14,601857.SH,8.35,8.44,8.29,8.43,8.4,0.0299999999999993,0.36,1588846.8,1407341.963,,,,,,,20250114.0,20250114
2025-01-15,601857.SH,8.39,8.54,8.33,8.39,8.43,-0.0399999999999991,-0.47,1414869.0,1258878.298,,,,,,,20250115.0,20250115
2025-01-16,601857.SH,8.46,8.56,8.41,8.53,8.39,0.1399999999999988,1.67,1534548.11,1378337.203,,,,,,,20250116.0,20250116
2025-01-17,601857.SH,8.48,8.51,8.36,8.36,8.53,-0.1699999999999999,-1.99,1502696.86,1334267.977,,,,,,,20250117.0,20250117
2025-01-20,601857.SH,8.36,8.36,8.1,8.12,8.36,-0.2400000000000002,-2.87,2354035.62,2033703.848,,,,,,,20250120.0,20250120
2025-01-21,601857.SH,8.08,8.11,7.97,8.0,8.12,-0.1199999999999992,-1.48,1522666.47,1288524.298,,,,,,,20250121.0,20250121
2025-01-22,601857.SH,7.97,8.0,7.77,7.8,8.0,-0.2000000000000001,-2.5,1922712.49,1592888.788,,,,,,,20250122.0,20250122
2025-01-23,601857.SH,7.82,7.93,7.81,7.82,7.8,0.0200000000000004,0.26,1523745.77,1262909.903,,,,,,,20250123.0,20250123
2025-01-24,601857.SH,7.8,7.85,7.74,7.79,7.82,-0.0300000000000002,-0.38,1491771.43,1228142.328,,,,,,,20250124.0,20250124
2025-01-27,601857.SH,7.79,7.91,7.76,7.89,7.79,0.0999999999999996,1.28,1553731.68,1288482.458,,,,,,,20250127.0,20250127
2025-02-05,601857.SH,7.89,7.9,7.68,7.72,7.89,-0.1699999999999999,-2.15,1525252.62,1244000.94,,,,,,,20250205.0,20250205
2025-02-06,601857.SH,7.72,7.79,7.7,7.77,7.72,0.0499999999999998,0.65,1075761.08,879061.201,,,,,,,20250206.0,20250206
2025-02-07,601857.SH,7.75,7.83,7.71,7.82,7.77,0.0500000000000007,0.64,1382160.08,1135260.197,,,,,,,20250207.0,20250207
2025-02-10,601857.SH,7.82,7.84,7.77,7.8,7.82,-0.0200000000000004,-0.26,1106241.45,911054.683,,,,,,,20250210.0,20250210
2025-02-11,601857.SH,7.82,7.91,7.8,7.85,7.8,0.0499999999999998,0.64,1479381.77,1225927.515,,,,,,,20250211.0,20250211
2025-02-12,601857.SH,7.86,7.86,7.8,7.84,7.85,-0.0099999999999997,-0.13,1095269.61,904916.887,,,,,,,20250212.0,20250212
2025-02-13,601857.SH,7.78,7.83,7.76,7.8,7.84,-0.04,-0.51,1339343.69,1102558.946,,,,,,,20250213.0,20250213
2025-02-14,601857.SH,7.8,7.81,7.65,7.68,7.8,-0.1200000000000001,-1.54,2476827.14,2010647.106,,,,,,,20250214.0,20250214
2025-02-17,601857.SH,7.65,7.66,7.6,7.64,7.68,-0.04,-0.52,1784355.93,1435086.28,,,,,,,20250217.0,20250217
2025-02-18,601857.SH,7.63,7.71,7.58,7.64,7.64,0.0,0.0,2101961.49,1697319.133,,,,,,,20250218.0,20250218
2025-02-19,601857.SH,7.64,7.64,7.54,7.56,7.64,-0.08,-1.05,2269005.64,1814932.772,,,,,,,20250219.0,20250219
2025-02-20,601857.SH,7.56,7.62,7.53,7.59,7.56,0.0300000000000002,0.4,1332230.14,1065418.434,,,,,,,20250220.0,20250220
2025-02-21,601857.SH,7.61,7.61,7.52,7.57,7.59,-0.0199999999999995,-0.26,1375608.96,1097409.77,,,,,,,20250221.0,20250221
2025-02-24,601857.SH,7.52,7.54,7.46,7.48,7.57,-0.0899999999999998,-1.19,1794475.66,1419342.285,,,,,,,20250224.0,20250224
2025-02-25,601857.SH,7.48,7.53,7.39,7.4,7.48,-0.08,-1.07,1792672.07,1410284.452,,,,,,,20250225.0,20250225
2025-02-26,601857.SH,7.36,7.44,7.34,7.38,7.4,-0.0200000000000004,-0.27,1600730.74,1245567.492,,,,,,,20250226.0,20250226
2025-02-27,601857.SH,7.37,7.46,7.32,7.46,7.38,0.08,1.08,2098979.58,1641711.814,,,,,,,20250227.0,20250227
2025-02-28,601857.SH,7.44,7.55,7.43,7.45,7.46,-0.0099999999999997,-0.13,2016126.95,1596440.424,,,,,,,20250228.0,20250228
2025-03-03,601857.SH,7.48,7.52,7.39,7.42,7.45,-0.0300000000000002,-0.4,1550702.51,1217326.47,,,,,,,20250303.0,20250303
2025-03-04,601857.SH,7.37,7.37,7.21,7.22,7.42,-0.2000000000000001,-2.7,2474927.04,1893446.278,,,,,,,20250304.0,20250304
2025-03-05,601857.SH,7.2,7.28,7.18,7.25,7.22,0.0300000000000002,0.42,1404066.7,1071286.269,,,,,,,20250305.0,20250305
2025-03-06,601857.SH,7.19,7.26,7.16,7.25,7.25,0.0,0.0,1856581.63,1412400.099,,,,,,,20250306.0,20250306
2025-03-07,601857.SH,7.23,7.33,7.22,7.28,7.25,0.0300000000000002,0.41,1766140.24,1356045.916,,,,,,,20250307.0,20250307
2025-03-10,601857.SH,7.28,7.32,7.23,7.26,7.28,-0.0200000000000004,-0.27,1205262.69,924338.346,,,,,,,20250310.0,20250310
2025-03-11,601857.SH,7.21,7.29,7.2,7.29,7.26,0.0300000000000002,0.41,1041782.19,797682.491,,,,,,,20250311.0,20250311
2025-03-12,601857.SH,7.29,7.32,7.25,7.27,7.29,-0.0200000000000004,-0.27,946387.19,726258.456,,,,,,,20250312.0,20250312
2025-03-13,601857.SH,7.31,7.42,7.29,7.41,7.27,0.1400000000000005,1.93,2243719.62,1744753.007,,,,,,,20250313.0,20250313
2025-03-14,601857.SH,7.38,7.44,7.38,7.43,7.41,0.0199999999999995,0.27,1748714.84,1368910.024,,,,,,,20250314.0,20250314
2025-03-17,601857.SH,7.46,7.52,7.46,7.5,7.43,0.0700000000000002,0.94,1483619.49,1174748.017,,,,,,,20250317.0,20250317
2025-03-18,601857.SH,7.51,7.52,7.45,7.48,7.5,-0.0199999999999995,-0.27,955414.5,754855.979,,,,,,,20250318.0,20250318
2025-03-19,601857.SH,7.45,7.5,7.45,7.46,7.48,-0.0200000000000004,-0.27,783274.3,618022.362,,,,,,,20250319.0,20250319
2025-03-20,601857.SH,7.46,7.55,7.46,7.53,7.46,0.0700000000000002,0.94,1304212.68,1036316.553,,,,,,,20250320.0,20250320
2025-03-21,601857.SH,7.56,7.66,7.52,7.54,7.53,0.0099999999999997,0.13,2092424.75,1679500.175,,,,,,,20250321.0,20250321
2025-03-24,601857.SH,7.54,7.58,7.48,7.57,7.54,0.0300000000000002,0.4,1263745.62,1005792.729,,,,,,,20250324.0,20250324
2025-03-25,601857.SH,7.57,7.65,7.55,7.65,7.57,0.08,1.06,1167963.22,939927.147,,,,,,,20250325.0,20250325
2025-03-26,601857.SH,7.65,7.72,7.64,7.68,7.65,0.0299999999999993,0.39,1046474.29,847715.415,,,,,,,20250326.0,20250326
2025-03-27,601857.SH,7.68,7.76,7.67,7.75,7.68,0.0700000000000002,0.91,1258087.49,1026676.485,,,,,,,20250327.0,20250327
2025-03-28,601857.SH,7.73,7.74,7.64,7.65,7.75,-0.0999999999999996,-1.29,1294322.2,1049584.431,,,,,,,20250328.0,20250328
2025-03-31,601857.SH,7.67,7.81,7.64,7.79,7.65,0.1399999999999996,1.83,2032177.73,1665459.41,,,,,,,20250331.0,20250331
2025-04-01,601857.SH,7.82,7.86,7.77,7.82,7.79,0.0300000000000002,0.39,1367109.92,1126953.122,,,,,,,20250401.0,20250401
2025-04-02,601857.SH,7.82,7.83,7.72,7.74,7.82,-0.08,-1.02,1030759.12,843487.312,,,,,,,20250402.0,20250402
2025-04-03,601857.SH,7.62,7.74,7.6,7.71,7.74,-0.0300000000000002,-0.39,1195079.42,968689.499,,,,,,,20250403.0,20250403
2025-04-07,601857.SH,7.14,7.26,6.94,6.95,7.71,-0.7599999999999998,-9.86,3955674.56,2938412.876,,,,,,,20250407.0,20250407
2025-04-08,601857.SH,7.02,7.34,6.94,7.29,6.95,0.3399999999999998,4.89,3366438.08,2532699.725,,,,,,,20250408.0,20250408
2025-04-09,601857.SH,7.2,7.2,7.01,7.14,7.29,-0.1500000000000003,-2.06,3461384.48,2589234.38,,,,,,,20250409.0,20250409
2025-04-10,601857.SH,7.24,7.27,7.12,7.18,7.14,0.04,0.56,2508697.67,1900985.48,,,,,,,20250410.0,20250410
2025-04-11,601857.SH,7.16,7.18,7.1,7.16,7.18,-0.0199999999999995,-0.28,1474061.06,1111267.395,,,,,,,20250411.0,20250411
2025-04-14,601857.SH,7.16,7.29,7.15,7.28,7.16,0.1200000000000001,1.68,1697705.57,1296243.743,,,,,,,20250414.0,20250414
2025-04-15,601857.SH,7.28,7.35,7.26,7.34,7.28,0.0599999999999996,0.82,1336538.03,1030930.858,,,,,,,20250415.0,20250415
2025-04-16,601857.SH,7.32,7.58,7.29,7.56,7.34,0.2199999999999997,3.0,2156863.88,1690796.516,,,,,,,20250416.0,20250416
2025-04-17,601857.SH,7.55,7.58,7.49,7.57,7.56,0.0100000000000006,0.13,1022839.76,814511.027,,,,,,,20250417.0,20250417
2025-04-18,601857.SH,7.58,7.65,7.53,7.57,7.57,0.0,0.0,1071083.27,857490.198,,,,,,,20250418.0,20250418
2025-04-21,601857.SH,7.54,7.59,7.5,7.52,7.57,-0.0500000000000007,-0.66,804014.23,639785.891,,,,,,,20250421.0,20250421
2025-04-22,601857.SH,7.5,7.63,7.49,7.59,7.52,0.0700000000000002,0.93,1079580.84,864868.192,,,,,,,20250422.0,20250422
2025-04-23,601857.SH,7.64,7.64,7.56,7.58,7.59,-0.0099999999999997,-0.13,745146.41,597164.691,,,,,,,20250423.0,20250423
2025-04-24,601857.SH,7.56,7.61,7.55,7.58,7.58,0.0,0.0,641254.64,513493.485,,,,,,,20250424.0,20250424
2025-04-25,601857.SH,7.6,7.62,7.53,7.54,7.58,-0.04,-0.53,764798.28,610264.607,,,,,,,20250425.0,20250425
2025-04-28,601857.SH,7.55,7.62,7.5,7.6,7.54,0.0599999999999996,0.8,892856.58,714439.798,,,,,,,20250428.0,20250428
2025-04-29,601857.SH,7.54,7.59,7.5,7.52,7.6,-0.08,-1.05,806642.29,641738.823,,,,,,,20250429.0,20250429
2025-04-30,601857.SH,7.53,7.61,7.52,7.57,7.52,0.0500000000000007,0.66,893545.21,714431.984,,,,,,,20250430.0,20250430
2025-05-06,601857.SH,7.55,7.56,7.47,7.54,7.57,-0.0300000000000002,-0.4,1224980.58,972670.118,,,,,,,20250506.0,20250506
2025-05-07,601857.SH,7.67,7.68,7.57,7.67,7.54,0.1299999999999999,1.72,1418987.67,1143322.917,,,,,,,20250507.0,20250507
2025-05-08,601857.SH,7.63,7.71,7.62,7.63,7.67,-0.04,-0.52,745340.2,602788.804,,,,,,,20250508.0,20250508
2025-05-09,601857.SH,7.67,7.72,7.66,7.67,7.63,0.04,0.52,738469.09,599432.206,,,,,,,20250509.0,20250509
2025-05-12,601857.SH,7.72,7.74,7.66,7.71,7.67,0.04,0.52,704514.07,573215.256,,,,,,,20250512.0,20250512
2025-05-13,601857.SH,7.73,7.81,7.7,7.77,7.71,0.0599999999999996,0.78,944138.7,773688.233,,,,,,,20250513.0,20250513
2025-05-14,601857.SH,7.79,7.91,7.76,7.89,7.77,0.1200000000000001,1.54,1278807.96,1059911.365,,,,,,,20250514.0,20250514
2025-05-15,601857.SH,7.85,7.91,7.82,7.84,7.89,-0.0499999999999998,-0.63,846617.9,702462.453,,,,,,,20250515.0,20250515
2025-05-16,601857.SH,7.82,7.85,7.7,7.72,7.84,-0.1200000000000001,-1.53,1055128.57,862145.941,,,,,,,20250516.0,20250516
2025-05-19,601857.SH,7.72,7.8,7.72,7.75,7.72,0.0300000000000002,0.39,743488.0,609442.364,,,,,,,20250519.0,20250519
2025-05-20,601857.SH,7.79,7.8,7.74,7.77,7.75,0.0199999999999995,0.26,535846.65,439205.503,,,,,,,20250520.0,20250520
2025-05-21,601857.SH,7.8,7.86,7.8,7.83,7.77,0.0600000000000005,0.77,806758.07,667197.63,,,,,,,20250521.0,20250521
2025-05-22,601857.SH,7.82,7.88,7.81,7.86,7.83,0.0300000000000002,0.38,736093.97,610192.484,,,,,,,20250522.0,20250522
2025-05-23,601857.SH,7.86,7.88,7.75,7.75,7.86,-0.1100000000000003,-1.4,836929.74,689422.365,,,,,,,20250523.0,20250523
2025-05-26,601857.SH,7.76,7.81,7.72,7.76,7.75,0.0099999999999997,0.13,700118.99,573590.681,,,,,,,20250526.0,20250526
2025-05-27,601857.SH,7.75,7.8,7.73,7.74,7.76,-0.0199999999999995,-0.26,547481.08,448083.48,,,,,,,20250527.0,20250527
2025-05-28,601857.SH,7.74,7.92,7.72,7.9,7.74,0.1600000000000001,2.07,1460101.67,1211705.597,,,,,,,20250528.0,20250528
2025-05-29,601857.SH,7.91,7.97,7.86,7.87,7.9,-0.0300000000000002,-0.38,803117.64,670513.033,,,,,,,20250529.0,20250529
2025-05-30,601857.SH,7.86,7.93,7.82,7.85,7.87,-0.0200000000000004,-0.25,974241.1,810960.568,,,,,,,20250530.0,20250530
2025-06-03,601857.SH,7.89,7.94,7.84,7.86,7.85,0.0100000000000006,0.13,770795.12,640322.213,,,,,,,20250603.0,20250603
2025-06-04,601857.SH,7.88,7.95,7.84,7.95,7.86,0.0899999999999998,1.15,770617.54,644458.234,,,,,,,20250604.0,20250604
2025-06-05,601857.SH,7.94,8.0,7.94,7.95,7.95,0.0,0.0,745060.6,625602.487,,,,,,,20250605.0,20250605
2025-06-06,601857.SH,7.96,8.11,7.95,8.06,7.95,0.1100000000000003,1.38,1058664.53,899095.869,,,,,,,20250606.0,20250606
2025-06-09,601857.SH,8.11,8.19,8.06,8.18,8.06,0.1199999999999992,1.49,1157942.47,994661.587,,,,,,,20250609.0,20250609
2025-06-10,601857.SH,8.2,8.29,8.18,8.26,8.18,0.08,0.98,1467197.81,1277002.931,,,,,,,20250610.0,20250610
2025-06-11,601857.SH,8.27,8.41,8.25,8.38,8.26,0.120000000000001,1.45,1253627.79,1104332.753,,,,,,,20250611.0,20250611
2025-06-12,601857.SH,8.43,8.46,8.35,8.41,8.38,0.0299999999999993,0.36,1325072.96,1176127.596,,,,,,,20250612.0,20250612
2025-06-13,601857.SH,8.54,8.66,8.42,8.52,8.41,0.1099999999999994,1.31,1916199.2,1720534.448,,,,,,,20250613.0,20250613
2025-06-16,601857.SH,8.55,8.6,8.42,8.54,8.52,0.0199999999999995,0.23,1914127.22,1721733.308,,,,,,,20250616.0,20250616
2025-06-17,601857.SH,8.5,8.7,8.49,8.7,8.54,0.1600000000000001,1.87,1879554.55,1710699.426,,,,,,,20250617.0,20250617
2025-06-18,601857.SH,8.72,8.77,8.66,8.7,8.7,0.0,0.0,1352390.18,1244301.02,,,,,,,20250618.0,20250618
2025-06-19,601857.SH,8.7,8.77,8.56,8.76,8.7,0.0600000000000005,0.69,2294334.29,2102088.607,,,,,,,20250619.0,20250619
2025-06-20,601857.SH,8.72,8.75,8.62,8.68,8.76,-0.08,-0.91,1378424.81,1262271.2,,,,,,,20250620.0,20250620
2025-06-23,601857.SH,8.75,8.79,8.54,8.61,8.68,-0.0700000000000002,-0.81,2268612.59,2063231.514,,,,,,,20250623.0,20250623
2025-06-24,601857.SH,8.38,8.53,8.2,8.49,8.61,-0.1199999999999992,-1.39,2170967.35,1929393.489,,,,,,,20250624.0,20250624
2025-06-25,601857.SH,8.5,8.53,8.39,8.47,8.49,-0.0199999999999995,-0.24,1467849.2,1273066.399,,,,,,,20250625.0,20250625
2025-06-26,601857.SH,8.47,8.56,8.45,8.52,8.47,0.0499999999999989,0.59,1152638.94,1007151.515,,,,,,,20250626.0,20250626
2025-06-27,601857.SH,8.52,8.52,8.37,8.4,8.52,-0.1199999999999992,-1.41,1208817.33,1046804.77,,,,,,,20250627.0,20250627
2025-06-30,601857.SH,8.39,8.42,8.26,8.33,8.4,-0.0700000000000002,-0.83,1124288.63,960899.659,,,,,,,20250630.0,20250630
2025-07-01,601857.SH,8.34,8.48,8.28,8.42,8.33,0.0899999999999998,1.08,1010750.28,870205.911,,,,,,,20250701.0,20250701
2025-07-02,601857.SH,8.42,8.44,8.37,8.38,8.42,-0.0399999999999991,-0.48,784194.5,675906.518,,,,,,,20250702.0,20250702
2025-07-03,601857.SH,8.41,8.42,8.32,8.33,8.38,-0.0500000000000007,-0.6,800816.4,686039.114,,,,,,,20250703.0,20250703
2025-07-04,601857.SH,8.33,8.39,8.31,8.38,8.33,0.0500000000000007,0.6,890424.01,763643.449,,,,,,,20250704.0,20250704
2025-07-07,601857.SH,8.38,8.38,8.23,8.31,8.38,-0.0700000000000002,-0.84,876281.32,745382.746,,,,,,,20250707.0,20250707
2025-07-08,601857.SH,8.33,8.4,8.29,8.35,8.31,0.0399999999999991,0.48,906763.1,777068.037,,,,,,,20250708.0,20250708
2025-07-09,601857.SH,8.37,8.51,8.36,8.36,8.35,0.0099999999999997,0.12,1245673.24,1079795.604,,,,,,,20250709.0,20250709
2025-07-10,601857.SH,8.38,8.51,8.38,8.44,8.36,0.08,0.96,1219338.99,1057905.307,,,,,,,20250710.0,20250710
2025-07-11,601857.SH,8.44,8.6,8.43,8.43,8.44,-0.0099999999999997,-0.12,2433816.26,2127927.146,,,,,,,20250711.0,20250711
2025-07-14,601857.SH,8.47,8.69,8.47,8.65,8.43,0.2200000000000006,2.61,2046116.06,1809087.801,,,,,,,20250714.0,20250714
2025-07-15,601857.SH,8.63,8.73,8.6,8.7,8.65,0.0499999999999989,0.58,1633159.04,1452534.859,,,,,,,20250715.0,20250715
2025-07-16,601857.SH,8.7,8.83,8.68,8.75,8.7,0.0500000000000007,0.57,1298163.76,1166430.128,,,,,,,20250716.0,20250716
2025-07-17,601857.SH,8.75,8.8,8.64,8.68,8.75,-0.0700000000000002,-0.8,1280390.88,1140910.842,,,,,,,20250717.0,20250717
2025-07-18,601857.SH,8.7,8.74,8.64,8.68,8.68,0.0,0.0,727547.38,648388.687,,,,,,,20250718.0,20250718
2025-07-21,601857.SH,8.67,8.74,8.64,8.7,8.68,0.0199999999999995,0.23,848143.73,757345.341,,,,,,,20250721.0,20250721
2025-07-22,601857.SH,8.68,8.83,8.63,8.78,8.7,0.08,0.92,1459047.81,1309021.412,,,,,,,20250722.0,20250722
2025-07-23,601857.SH,8.76,8.83,8.69,8.71,8.78,-0.0699999999999985,-0.8,1389099.5,1250633.323,,,,,,,20250723.0,20250723
2025-07-24,601857.SH,8.71,8.71,8.55,8.57,8.71,-0.1400000000000005,-1.61,1845178.05,1626594.769,,,,,,,20250724.0,20250724
2025-07-25,601857.SH,8.58,8.65,8.43,8.45,8.57,-0.120000000000001,-1.4,1826028.84,1598068.585,,,,,,,20250725.0,20250725
2025-07-28,601857.SH,8.45,8.45,8.31,8.34,8.45,-0.1099999999999994,-1.3,1513013.32,1296504.569,,,,,,,20250728.0,20250728
2025-07-29,601857.SH,8.37,8.52,8.37,8.5,8.34,0.1600000000000001,1.92,1639581.94,1420545.793,,,,,,,20250729.0,20250729
2025-07-30,601857.SH,8.54,8.66,8.52,8.65,8.5,0.1500000000000003,1.76,1482602.47,1309216.131,,,,,,,20250730.0,20250730
2025-07-31,601857.SH,8.65,8.67,8.51,8.64,8.65,-0.0099999999999997,-0.12,1751250.75,1547642.858,,,,,,,20250731.0,20250731
2025-08-01,601857.SH,8.58,8.61,8.28,8.29,8.64,-0.3500000000000014,-4.05,2267663.6,1953129.427,,,,,,,20250801.0,20250801
2025-08-04,601857.SH,8.22,8.29,8.19,8.25,8.29,-0.0399999999999991,-0.48,1148588.03,971456.733,,,,,,,20250804.0,20250804
2025-08-05,601857.SH,8.25,8.42,8.23,8.37,8.25,0.1199999999999992,1.45,1361735.8,1166912.016,,,,,,,20250805.0,20250805
2025-08-06,601857.SH,8.37,8.45,8.35,8.42,8.37,0.0500000000000007,0.6,941100.9,812093.306,,,,,,,20250806.0,20250806
2025-08-07,601857.SH,8.4,8.46,8.37,8.46,8.42,0.0400000000000009,0.48,766133.57,662023.169,,,,,,,20250807.0,20250807
2025-08-08,601857.SH,8.43,8.6,8.41,8.55,8.46,0.0899999999999998,1.06,983135.24,861667.131,,,,,,,20250808.0,20250808
2025-08-11,601857.SH,8.53,8.57,8.36,8.37,8.55,-0.1800000000000015,-2.11,1438293.94,1241471.484,,,,,,,20250811.0,20250811
2025-08-12,601857.SH,8.38,8.63,8.38,8.55,8.37,0.1800000000000015,2.15,1797309.1,1574976.229,,,,,,,20250812.0,20250812
2025-08-13,601857.SH,8.53,8.59,8.48,8.49,8.55,-0.0600000000000005,-0.7,1123967.86,981180.697,,,,,,,20250813.0,20250813
2025-08-14,601857.SH,8.49,8.55,8.43,8.43,8.49,-0.0600000000000005,-0.71,868382.86,756150.062,,,,,,,20250814.0,20250814
2025-08-15,601857.SH,8.45,8.47,8.35,8.41,8.43,-0.0199999999999995,-0.24,1224482.92,1056337.506,,,,,,,20250815.0,20250815
2025-08-18,601857.SH,8.4,8.41,8.34,8.36,8.41,-0.0500000000000007,-0.59,1553717.92,1333603.748,,,,,,,20250818.0,20250818
2025-08-19,601857.SH,8.36,8.39,8.29,8.3,8.36,-0.0599999999999987,-0.72,1196715.52,1022471.464,,,,,,,20250819.0,20250819
2025-08-20,601857.SH,8.3,8.43,8.28,8.4,8.3,0.0999999999999996,1.2,1343896.85,1154806.481,,,,,,,20250820.0,20250820
2025-08-21,601857.SH,8.38,8.56,8.37,8.53,8.4,0.129999999999999,1.55,1435735.31,1251312.296,,,,,,,20250821.0,20250821
2025-08-22,601857.SH,8.52,8.55,8.4,8.47,8.53,-0.0599999999999987,-0.7,1279087.92,1108616.827,,,,,,,20250822.0,20250822
2025-08-25,601857.SH,8.5,8.56,8.46,8.55,8.47,0.08,0.94,1341610.8,1172878.404,,,,,,,20250825.0,20250825
2025-08-26,601857.SH,8.56,8.64,8.52,8.55,8.55,0.0,0.0,1139935.19,1003679.309,,,,,,,20250826.0,20250826
2025-08-27,601857.SH,8.57,8.6,8.38,8.41,8.55,-0.1400000000000005,-1.64,1937555.12,1684315.811,,,,,,,20250827.0,20250827
2025-08-28,601857.SH,8.43,8.46,8.33,8.42,8.41,0.0099999999999997,0.12,1277403.74,1101889.122,,,,,,,20250828.0,20250828
2025-08-29,601857.SH,8.45,8.61,8.44,8.5,8.42,0.08,0.95,1895082.9,1658203.358,,,,,,,20250829.0,20250829
2025-09-01,601857.SH,8.5,8.56,8.38,8.49,8.5,-0.0099999999999997,-0.12,1314851.97,1141958.536,,,,,,,20250901.0,20250901
2025-09-02,601857.SH,8.54,8.88,8.52,8.85,8.49,0.3599999999999994,4.24,3830300.64,3419809.188,,,,,,,20250902.0,20250902
2025-09-03,601857.SH,8.85,9.01,8.78,8.87,8.85,0.0199999999999995,0.23,2405764.68,2192924.034,,,,,,,20250903.0,20250903
2025-09-04,601857.SH,8.78,8.9,8.46,8.76,8.87,-0.1099999999999994,-1.24,3789478.96,3370962.216,,,,,,,20250904.0,20250904
2025-09-05,601857.SH,8.67,8.75,8.62,8.67,8.76,-0.0899999999999998,-1.03,1553733.4,1382683.767,,,,,,,20250905.0,20250905
2025-09-08,601857.SH,8.6,8.78,8.58,8.66,8.67,-0.0099999999999997,-0.12,1821255.6,1627990.287,,,,,,,20250908.0,20250908
2025-09-09,601857.SH,8.66,8.74,8.54,8.57,8.66,-0.0899999999999998,-1.04,1287228.24,1137881.788,,,,,,,20250909.0,20250909
2025-09-10,601857.SH,8.6,8.64,8.53,8.54,8.57,-0.0300000000000011,-0.35,1244331.6,1093121.308,,,,,,,20250910.0,20250910
2025-09-11,601857.SH,8.55,8.57,8.44,8.51,8.54,-0.0299999999999993,-0.35,1983960.19,1725694.281,,,,,,,20250911.0,20250911
2025-09-12,601857.SH,8.49,8.51,8.45,8.47,8.51,-0.0399999999999991,-0.47,1429110.96,1242590.925,,,,,,,20250912.0,20250912
2025-09-15,601857.SH,8.48,8.58,8.45,8.55,8.47,0.08,0.94,1545688.66,1352480.587,,,,,,,20250915.0,20250915
2025-09-16,601857.SH,8.54,8.55,8.41,8.42,8.55,-0.1300000000000007,-1.52,1792776.55,1554054.776,,,,,,,20250916.0,20250916
2025-09-17,601857.SH,8.48,8.56,8.41,8.46,8.42,0.0400000000000009,0.48,1799903.15,1525112.745,,,,,,,20250917.0,20250917
2025-09-18,601857.SH,8.44,8.44,8.18,8.21,8.46,-0.25,-2.96,2451960.82,2033727.669,,,,,,,20250918.0,20250918
2025-09-19,601857.SH,8.19,8.24,8.13,8.15,8.21,-0.0600000000000005,-0.73,1231908.19,1007099.258,,,,,,,20250919.0,20250919
2025-09-22,601857.SH,8.15,8.18,8.07,8.1,8.15,-0.0500000000000007,-0.61,1215953.84,987236.915,,,,,,,20250922.0,20250922
2025-09-23,601857.SH,8.1,8.19,8.05,8.14,8.1,0.0400000000000009,0.49,1408234.64,1144091.113,,,,,,,20250923.0,20250923
2025-09-24,601857.SH,8.18,8.22,8.09,8.13,8.14,-0.0099999999999997,-0.12,1398258.95,1138515.036,,,,,,,20250924.0,20250924
2025-09-25,601857.SH,8.15,8.17,8.1,8.14,8.13,0.0099999999999997,0.12,1011104.81,822639.247,,,,,,,20250925.0,20250925
2025-09-26,601857.SH,8.16,8.21,8.12,8.16,8.14,0.0199999999999995,0.25,1090929.21,891554.546,,,,,,,20250926.0,20250926
2025-09-29,601857.SH,8.18,8.22,8.08,8.17,8.16,0.0099999999999997,0.12,1572104.59,1279359.98,,,,,,,20250929.0,20250929
2025-09-30,601857.SH,8.13,8.16,8.05,8.06,8.17,-0.1099999999999994,-1.35,1674630.98,1352876.51,,,,,,,20250930.0,20250930
2025-10-09,601857.SH,8.07,8.29,8.04,8.28,8.06,0.2199999999999988,2.73,2121466.62,1735590.724,,,,,,,20251009.0,20251009
2025-10-10,601857.SH,8.23,8.36,8.2,8.28,8.28,0.0,0.0,1314078.71,1089307.832,,,,,,,20251010.0,20251010
2025-10-13,601857.SH,8.14,8.29,8.09,8.23,8.28,-0.0499999999999989,-0.6,2025833.62,1659467.172,,,,,,,20251013.0,20251013
2025-10-14,601857.SH,8.24,8.35,8.16,8.33,8.23,0.0999999999999996,1.22,1826959.81,1514153.297,,,,,,,20251014.0,20251014
2025-10-15,601857.SH,8.33,8.36,8.23,8.29,8.33,-0.0400000000000009,-0.48,1466844.42,1214253.876,,,,,,,20251015.0,20251015
2025-10-16,601857.SH,8.28,8.44,8.26,8.43,8.29,0.1400000000000005,1.69,1769523.46,1481988.121,,,,,,,20251016.0,20251016
2025-10-17,601857.SH,8.41,8.5,8.36,8.41,8.43,-0.0199999999999995,-0.24,1498353.43,1264055.684,,,,,,,20251017.0,20251017
2025-10-20,601857.SH,8.4,8.63,8.4,8.62,8.41,0.209999999999999,2.5,2088175.08,1780170.855,,,,,,,20251020.0,20251020
2025-10-21,601857.SH,8.62,8.78,8.58,8.76,8.62,0.1400000000000005,1.62,2248425.78,1958785.244,,,,,,,20251021.0,20251021
2025-10-22,601857.SH,8.75,8.91,8.73,8.9,8.76,0.1400000000000005,1.6,1775769.48,1569567.885,,,,,,,20251022.0,20251022
2025-10-23,601857.SH,8.92,9.18,8.92,9.18,8.9,0.2799999999999993,3.15,2670712.63,2420808.197,,,,,,,20251023.0,20251023
2025-10-24,601857.SH,9.16,9.17,9.0,9.06,9.18,-0.1199999999999992,-1.31,1761636.02,1597311.905,,,,,,,20251024.0,20251024
2025-10-27,601857.SH,9.03,9.2,8.96,9.17,9.06,0.1099999999999994,1.21,1684602.9,1534654.713,,,,,,,20251027.0,20251027
2025-10-28,601857.SH,9.17,9.2,9.08,9.12,9.17,-0.0500000000000007,-0.55,1018451.1,930130.069,,,,,,,20251028.0,20251028
2025-10-29,601857.SH,9.08,9.14,9.04,9.09,9.12,-0.0299999999999993,-0.33,945222.08,859285.793,,,,,,,20251029.0,20251029
2025-10-30,601857.SH,9.12,9.24,9.08,9.1,9.09,0.0099999999999997,0.11,1117189.85,1022293.436,,,,,,,20251030.0,20251030
2025-10-31,601857.SH,9.16,9.18,9.07,9.15,9.1,0.0500000000000007,0.55,1195034.62,1090267.283,,,,,,,20251031.0,20251031
2025-11-03,601857.SH,9.19,9.57,9.16,9.56,9.15,0.4100000000000001,4.48,2304429.97,2180347.922,,,,,,,20251103.0,20251103
2025-11-04,601857.SH,9.54,9.7,9.5,9.57,9.56,0.0099999999999997,0.1,1696331.64,1629997.344,,,,,,,20251104.0,20251104
2025-11-05,601857.SH,9.5,9.57,9.42,9.53,9.57,-0.0400000000000009,-0.42,1022523.23,972456.523,,,,,,,20251105.0,20251105
2025-11-06,601857.SH,9.49,9.67,9.44,9.59,9.53,0.0600000000000005,0.63,1227833.82,1174997.451,,,,,,,20251106.0,20251106
2025-11-07,601857.SH,9.6,9.75,9.59,9.71,9.59,0.120000000000001,1.25,1294427.61,1253137.738,,,,,,,20251107.0,20251107
2025-11-10,601857.SH,9.71,9.88,9.68,9.87,9.71,0.1599999999999983,1.65,1469871.23,1442931.484,,,,,,,20251110.0,20251110
2025-11-11,601857.SH,9.85,9.87,9.68,9.77,9.87,-0.0999999999999996,-1.01,1318529.94,1288606.863,,,,,,,20251111.0,20251111
2025-11-12,601857.SH,9.82,10.11,9.82,9.94,9.77,0.1699999999999999,1.74,2058247.69,2055249.046,,,,,,,20251112.0,20251112
2025-11-13,601857.SH,9.78,9.94,9.77,9.92,9.94,-0.0199999999999995,-0.2,1629633.03,1604058.224,,,,,,,20251113.0,20251113
2025-11-14,601857.SH,9.92,10.02,9.81,9.82,9.92,-0.0999999999999996,-1.01,1032510.04,1024255.031,,,,,,,20251114.0,20251114
2025-11-17,601857.SH,9.82,9.97,9.66,9.87,9.82,0.0499999999999989,0.51,1333107.15,1311091.384,,,,,,,20251117.0,20251117
2025-11-18,601857.SH,9.88,9.95,9.8,9.87,9.87,0.0,0.0,1089063.69,1073966.832,,,,,,,20251118.0,20251118
2025-11-19,601857.SH,9.87,10.32,9.83,10.27,9.87,0.4000000000000003,4.05,2265611.12,2305748.936,,,,,,,20251119.0,20251119
2025-11-20,601857.SH,10.16,10.44,10.11,10.12,10.27,-0.1500000000000003,-1.46,1814891.59,1863398.397,,,,,,,20251120.0,20251120
2025-11-21,601857.SH,10.11,10.21,10.0,10.03,10.12,-0.0899999999999998,-0.89,2216949.91,2238852.106,,,,,,,20251121.0,20251121
2025-11-24,601857.SH,10.03,10.08,9.71,9.78,10.03,-0.25,-2.49,2427952.29,2383053.861,,,,,,,20251124.0,20251124
2025-11-25,601857.SH,9.77,9.83,9.67,9.8,9.78,0.0200000000000013,0.2,1138486.11,1110691.189,,,,,,,20251125.0,20251125
2025-11-26,601857.SH,9.8,9.88,9.66,9.72,9.8,-0.08,-0.82,1244595.23,1211513.502,,,,,,,20251126.0,20251126
2025-11-27,601857.SH,9.72,9.88,9.59,9.85,9.72,0.129999999999999,1.34,1190049.78,1162008.521,,,,,,,20251127.0,20251127
2025-11-28,601857.SH,9.83,9.89,9.72,9.75,9.85,-0.0999999999999996,-1.02,746616.53,729632.867,,,,,,,20251128.0,20251128
2025-12-01,601857.SH,9.78,9.98,9.75,9.96,9.75,0.2100000000000008,2.15,1148142.83,1135272.828,,,,,,,20251201.0,20251201
2025-12-02,601857.SH,9.94,10.17,9.92,10.0,9.96,0.0399999999999991,0.4,1105500.61,1111677.353,,,,,,,20251202.0,20251202
2025-12-03,601857.SH,9.95,10.02,9.88,9.93,10.0,-0.0700000000000002,-0.7,702358.22,698740.437,,,,,,,20251203.0,20251203
2025-12-04,601857.SH,9.96,10.13,9.95,10.01,9.93,0.08,0.81,841998.49,844366.286,,,,,,,20251204.0,20251204
2025-12-05,601857.SH,9.98,10.05,9.85,9.9,10.01,-0.1099999999999994,-1.1,868217.89,862173.104,,,,,,,20251205.0,20251205
