date,ts_code,open,high,low,close,pre_close,change,p_change,volume,amount,date.2,date.1,date.3,date.4,date.5,date.6,date.7,date
2022-12-07,600036.SH,33.92,34.07,33.45,33.47,33.97,-0.5,-1.47,564606.28,2005014.219,,,,,,,,20221207
2022-12-08,600036.SH,33.4,33.9,33.32,33.59,33.47,0.12000000000000455,0.36,443551.51,1574334.29,,,,,,,,20221208
2022-12-09,600036.SH,33.92,34.99,33.76,34.82,33.59,1.2299999999999969,3.66,958162.91,3491269.582,,,,,,,,20221209
2022-12-12,600036.SH,34.5,34.68,33.81,33.91,34.82,-0.9100000000000037,-2.61,606262.4,2186064.378,,,,,,,,20221212
2022-12-13,600036.SH,33.86,34.36,33.74,34.25,33.91,0.3400000000000034,1.0,382903.98,1379130.447,,,,,,,,20221213
2022-12-14,600036.SH,34.25,35.1,34.13,34.98,34.25,0.7299999999999969,2.13,644361.67,2361876.16,,,,,,,,20221214
2022-12-15,600036.SH,34.7,35.02,34.32,34.43,34.98,-0.5499999999999972,-1.57,403403.41,1470344.983,,,,,,,,20221215
2022-12-16,600036.SH,34.4,35.25,34.4,35.15,34.43,0.7199999999999989,2.09,607820.01,2242781.163,,,,,,,,20221216
2022-12-19,600036.SH,35.16,35.38,34.35,34.59,35.15,-0.5599999999999952,-1.59,547842.53,2014825.882,,,,,,,,20221219
2022-12-20,600036.SH,34.34,34.63,33.45,33.85,34.59,-0.740000000000002,-2.14,702911.16,2518741.582,,,,,,,,20221220
2022-12-21,600036.SH,34.1,34.33,33.84,34.07,33.85,0.21999999999999886,0.65,330497.76,1188825.669,,,,,,,,20221221
2022-12-22,600036.SH,34.62,34.92,34.35,34.59,34.07,0.5200000000000031,1.53,359714.83,1312827.354,,,,,,,,20221222
2022-12-23,600036.SH,34.39,34.87,34.26,34.46,34.59,-0.13000000000000256,-0.38,330583.6,1204442.484,,,,,,,,20221223
2022-12-26,600036.SH,34.45,34.87,34.01,34.07,34.46,-0.39000000000000057,-1.13,360473.52,1309281.788,,,,,,,,20221226
2022-12-27,600036.SH,34.54,35.04,34.43,34.75,34.07,0.6799999999999997,2.0,367907.47,1350814.519,,,,,,,,20221227
2022-12-28,600036.SH,34.75,35.55,34.66,35.37,34.75,0.6199999999999974,1.78,528859.97,1970716.248,,,,,,,,20221228
2022-12-29,600036.SH,34.97,35.36,34.73,35.28,35.37,-0.0899999999999963,-0.25,513629.13,1902491.092,,,,,,,,20221229
2022-12-30,600036.SH,35.38,35.66,35.24,35.31,35.28,0.030000000000001137,0.09,523228.05,1959907.428,,,,,,,,20221230
2023-01-03,600036.SH,35.14,35.8,34.62,35.61,35.31,0.29999999999999716,0.85,606266.16,2255334.391,,,,,,,,20230103
2023-01-04,600036.SH,35.8,36.8,35.56,36.62,35.61,1.009999999999998,2.84,836454.11,3207024.324,,,,,,,,20230104
2023-01-05,600036.SH,36.95,37.21,36.39,36.48,36.62,-0.14000000000000057,-0.38,619085.19,2398823.818,,,,,,,,20230105
2023-01-06,600036.SH,36.63,36.89,35.9,36.37,36.48,-0.10999999999999943,-0.3,590006.99,2255711.424,,,,,,,,20230106
2023-01-09,600036.SH,36.4,37.05,36.4,36.77,36.37,0.4000000000000057,1.1,499148.86,1937276.819,,,,,,,,20230109
2023-01-10,600036.SH,36.75,36.77,36.16,36.25,36.77,-0.5200000000000031,-1.41,541971.59,2078031.131,,,,,,,,20230110
2023-01-11,600036.SH,36.37,37.13,36.14,36.88,36.25,0.6300000000000026,1.74,541706.98,2107076.772,,,,,,,,20230111
2023-01-12,600036.SH,37.06,37.1,36.7,37.0,36.88,0.11999999999999744,0.33,304348.71,1185494.431,,,,,,,,20230112
2023-01-13,600036.SH,37.02,37.58,36.93,37.58,37.0,0.5799999999999983,1.57,463767.08,1825772.733,,,,,,,,20230113
2023-01-16,600036.SH,37.9,38.98,37.71,38.35,37.58,0.7700000000000031,2.05,880468.55,3569434.0,,,,,,,,20230116
2023-01-17,600036.SH,38.33,38.79,38.17,38.55,38.35,0.19999999999999574,0.52,432047.05,1752751.493,,,,,,,,20230117
2023-01-18,600036.SH,38.52,38.8,38.12,38.26,38.55,-0.28999999999999915,-0.75,294674.72,1191075.289,,,,,,,,20230118
2023-01-19,600036.SH,38.09,38.66,37.83,38.52,38.26,0.2600000000000051,0.68,472490.21,1910434.244,,,,,,,,20230119
2023-01-20,600036.SH,38.83,38.95,38.55,38.9,38.52,0.37999999999999545,0.99,413402.73,1692997.05,,,,,,,,20230120
2023-01-30,600036.SH,40.32,40.4,39.66,39.83,38.9,0.9299999999999997,2.39,1007007.4,4255796.7,,,,,,,,20230130
2023-01-31,600036.SH,40.13,40.13,39.05,39.05,39.83,-0.7800000000000011,-1.96,642311.85,2677248.182,,,,,,,,20230131
2023-02-01,600036.SH,39.46,39.51,37.86,38.42,39.05,-0.6299999999999955,-1.61,916791.3,3709963.959,,,,,,,,20230201
2023-02-02,600036.SH,38.57,38.61,37.48,37.93,38.42,-0.490000000000002,-1.28,727232.93,2898996.931,,,,,,,,20230202
2023-02-03,600036.SH,37.71,37.71,36.97,37.24,37.93,-0.6899999999999977,-1.82,638163.64,2506324.574,,,,,,,,20230203
2023-02-06,600036.SH,36.69,36.71,35.9,36.34,37.24,-0.8999999999999986,-2.42,731000.66,2790029.317,,,,,,,,20230206
2023-02-07,600036.SH,36.48,36.9,36.16,36.4,36.34,0.05999999999999517,0.17,426570.86,1643882.586,,,,,,,,20230207
2023-02-08,600036.SH,36.48,36.88,36.35,36.47,36.4,0.07000000000000028,0.19,317065.28,1222704.068,,,,,,,,20230208
2023-02-09,600036.SH,36.41,36.85,36.31,36.47,36.47,0.0,0.0,498174.81,1920854.681,,,,,,,,20230209
2023-02-10,600036.SH,36.29,36.38,35.91,36.16,36.47,-0.3100000000000023,-0.85,411026.39,1567982.948,,,,,,,,20230210
2023-02-13,600036.SH,35.91,35.99,35.13,35.74,36.16,-0.4199999999999946,-1.16,825181.34,3095654.45,,,,,,,,20230213
2023-02-14,600036.SH,35.8,36.07,35.54,36.01,35.74,0.269999999999996,0.76,486076.63,1836814.072,,,,,,,,20230214
2023-02-15,600036.SH,36.01,36.09,35.06,35.22,36.01,-0.7899999999999991,-2.19,771047.78,2872782.991,,,,,,,,20230215
2023-02-16,600036.SH,35.25,35.87,35.08,35.32,35.22,0.10000000000000142,0.28,654152.31,2453427.441,,,,,,,,20230216
2023-02-17,600036.SH,35.2,35.42,34.76,34.79,35.32,-0.5300000000000011,-1.5,575812.8,2130963.531,,,,,,,,20230217
2023-02-20,600036.SH,34.89,36.49,34.89,36.47,34.79,1.6799999999999997,4.83,1080228.3,4089276.99,,,,,,,,20230220
2023-02-21,600036.SH,36.42,36.79,36.13,36.66,36.47,0.18999999999999773,0.52,530465.4,2043801.362,,,,,,,,20230221
2023-02-22,600036.SH,36.44,36.58,36.14,36.16,36.66,-0.5,-1.36,383091.39,1467027.311,,,,,,,,20230222
2023-02-23,600036.SH,36.16,36.74,36.16,36.26,36.16,0.10000000000000142,0.28,370638.24,1423074.975,,,,,,,,20230223
2023-02-24,600036.SH,36.17,36.25,35.44,35.5,36.26,-0.759999999999998,-2.1,533690.15,2011474.6,,,,,,,,20230224
2023-02-27,600036.SH,35.32,35.61,35.15,35.21,35.5,-0.28999999999999915,-0.82,449333.67,1674343.23,,,,,,,,20230227
2023-02-28,600036.SH,35.22,35.52,34.92,35.36,35.21,0.14999999999999858,0.43,378225.52,1405386.5,,,,,,,,20230228
2023-03-01,600036.SH,35.3,36.33,35.25,36.25,35.36,0.8900000000000006,2.52,571194.01,2169732.585,,,,,,,,20230301
2023-03-02,600036.SH,36.05,36.48,35.79,36.25,36.25,0.0,0.0,349070.09,1332878.911,,,,,,,,20230302
2023-03-03,600036.SH,36.48,36.74,35.91,36.25,36.25,0.0,0.0,357113.9,1365470.222,,,,,,,,20230303
2023-03-06,600036.SH,36.03,36.23,34.98,35.06,36.25,-1.1899999999999977,-3.28,810519.39,3015166.37,,,,,,,,20230306
2023-03-07,600036.SH,34.96,35.52,34.5,34.64,35.06,-0.4200000000000017,-1.2,737411.49,2722185.234,,,,,,,,20230307
2023-03-08,600036.SH,34.35,34.42,33.92,34.11,34.64,-0.5300000000000011,-1.53,616583.57,2216886.862,,,,,,,,20230308
2023-03-09,600036.SH,34.11,34.19,33.64,33.72,34.11,-0.39000000000000057,-1.14,539996.02,1928666.141,,,,,,,,20230309
2023-03-10,600036.SH,33.21,33.79,33.12,33.19,33.72,-0.5300000000000011,-1.57,558453.66,1963698.972,,,,,,,,20230310
2023-03-13,600036.SH,33.09,33.53,32.89,33.21,33.19,0.020000000000003126,0.06,584204.63,2046110.685,,,,,,,,20230313
2023-03-14,600036.SH,32.86,33.1,32.54,32.77,33.21,-0.4399999999999977,-1.32,626667.5,2168927.834,,,,,,,,20230314
2023-03-15,600036.SH,33.31,33.84,33.05,33.05,32.77,0.27999999999999403,0.85,676383.78,2380639.264,,,,,,,,20230315
2023-03-16,600036.SH,32.69,33.31,32.42,32.83,33.05,-0.21999999999999886,-0.67,403894.89,1401995.822,,,,,,,,20230316
2023-03-17,600036.SH,33.19,33.52,32.24,32.56,32.83,-0.269999999999996,-0.82,832715.78,2893458.533,,,,,,,,20230317
2023-03-20,600036.SH,32.64,33.08,32.24,32.33,32.56,-0.23000000000000398,-0.71,520725.15,1790157.157,,,,,,,,20230320
2023-03-21,600036.SH,32.42,32.69,32.23,32.44,32.33,0.10999999999999943,0.34,367475.39,1256872.36,,,,,,,,20230321
2023-03-22,600036.SH,32.71,32.91,32.48,32.73,32.44,0.28999999999999915,0.89,459867.4,1587045.184,,,,,,,,20230322
2023-03-23,600036.SH,32.6,33.49,32.52,33.36,32.73,0.6300000000000026,1.92,542146.33,1890730.123,,,,,,,,20230323
2023-03-24,600036.SH,33.15,33.15,32.44,32.63,33.36,-0.7299999999999969,-2.19,678718.39,2342134.999,,,,,,,,20230324
2023-03-27,600036.SH,32.79,32.79,32.27,32.42,32.63,-0.21000000000000085,-0.64,449836.1,1538661.024,,,,,,,,20230327
2023-03-28,600036.SH,32.61,32.9,32.39,32.6,32.42,0.17999999999999972,0.56,533234.36,1834470.874,,,,,,,,20230328
2023-03-29,600036.SH,32.8,32.88,32.31,32.33,32.6,-0.2700000000000031,-0.83,418630.12,1433206.733,,,,,,,,20230329
2023-03-30,600036.SH,32.36,32.59,31.94,32.55,32.33,0.21999999999999886,0.68,562289.7,1915822.304,,,,,,,,20230330
2023-03-31,600036.SH,32.56,33.0,32.35,32.47,32.55,-0.0799999999999983,-0.25,577794.28,1993103.479,,,,,,,,20230331
2023-04-03,600036.SH,32.51,32.64,32.2,32.57,32.47,0.10000000000000142,0.31,504675.01,1727952.628,,,,,,,,20230403
2023-04-04,600036.SH,32.58,32.62,32.28,32.48,32.57,-0.09000000000000341,-0.28,487820.66,1668757.196,,,,,,,,20230404
2023-04-06,600036.SH,32.38,32.38,31.96,32.03,32.48,-0.44999999999999574,-1.39,486795.67,1650684.312,,,,,,,,20230406
2023-04-07,600036.SH,32.08,32.46,31.98,32.35,32.03,0.3200000000000003,1.0,394141.2,1343439.511,,,,,,,,20230407
2023-04-10,600036.SH,32.36,32.5,32.19,32.45,32.35,0.10000000000000142,0.31,330159.49,1128256.665,,,,,,,,20230410
2023-04-11,600036.SH,32.45,32.54,31.87,31.96,32.45,-0.490000000000002,-1.51,733991.53,2485887.912,,,,,,,,20230411
2023-04-12,600036.SH,32.11,32.17,31.9,31.97,31.96,0.00999999999999801,0.03,416127.69,1403968.679,,,,,,,,20230412
2023-04-13,600036.SH,31.89,32.45,31.51,32.23,31.97,0.259999999999998,0.81,634304.56,2142100.175,,,,,,,,20230413
2023-04-14,600036.SH,32.41,32.97,32.24,32.59,32.23,0.36000000000000654,1.12,693923.38,2387857.214,,,,,,,,20230414
2023-04-17,600036.SH,32.52,33.36,32.31,33.36,32.59,0.769999999999996,2.36,893730.12,3107511.587,,,,,,,,20230417
2023-04-18,600036.SH,33.37,34.45,33.28,33.81,33.36,0.45000000000000284,1.35,942714.63,3375509.116,,,,,,,,20230418
2023-04-19,600036.SH,33.96,33.96,33.45,33.64,33.81,-0.1700000000000017,-0.5,510886.48,1815680.622,,,,,,,,20230419
2023-04-20,600036.SH,33.73,33.87,33.03,33.16,33.64,-0.480000000000004,-1.43,680915.3,2393722.845,,,,,,,,20230420
2023-04-21,600036.SH,33.16,33.34,32.63,32.69,33.16,-0.46999999999999886,-1.42,531591.46,1849378.443,,,,,,,,20230421
2023-04-24,600036.SH,32.71,32.87,31.75,31.84,32.69,-0.8499999999999979,-2.6,729873.68,2474101.753,,,,,,,,20230424
2023-04-25,600036.SH,31.85,32.35,31.75,32.25,31.84,0.41000000000000014,1.29,512212.8,1731551.113,,,,,,,,20230425
2023-04-26,600036.SH,32.03,32.18,31.6,32.05,32.25,-0.20000000000000284,-0.62,496500.7,1673601.45,,,,,,,,20230426
2023-04-27,600036.SH,31.24,31.26,30.46,30.92,32.05,-1.1299999999999955,-3.53,1559279.39,5072330.698,,,,,,,,20230427
2023-04-28,600036.SH,30.76,31.98,30.71,31.84,30.92,0.9199999999999982,2.98,940213.08,3136764.115,,,,,,,,20230428
2023-05-04,600036.SH,31.55,32.6,31.11,32.34,31.84,0.5000000000000036,1.57,725433.03,2457318.979,,,,,,,,20230504
2023-05-05,600036.SH,32.39,33.22,32.36,32.87,32.34,0.529999999999994,1.64,800889.73,2785096.474,,,,,,,,20230505
2023-05-08,600036.SH,33.03,34.07,32.82,33.73,32.87,0.8599999999999994,2.62,1064265.8,3773892.3,,,,,,,,20230508
2023-05-09,600036.SH,33.81,34.21,33.13,33.16,33.73,-0.5700000000000003,-1.69,985529.78,3503564.878,,,,,,,,20230509
2023-05-10,600036.SH,33.07,33.28,32.49,32.6,33.16,-0.5599999999999952,-1.69,638373.87,2203715.637,,,,,,,,20230510
2023-05-11,600036.SH,32.79,33.48,32.6,32.64,32.6,0.03999999999999915,0.12,445802.84,1547837.683,,,,,,,,20230511
2023-05-12,600036.SH,32.66,32.74,32.22,32.26,32.64,-0.38000000000000256,-1.16,459365.69,1569062.497,,,,,,,,20230512
2023-05-15,600036.SH,32.3,33.02,31.94,32.88,32.26,0.6200000000000045,1.92,528094.53,1811811.263,,,,,,,,20230515
2023-05-16,600036.SH,33.12,33.36,32.76,33.0,32.88,0.11999999999999744,0.36,385248.04,1341479.236,,,,,,,,20230516
2023-05-17,600036.SH,32.99,33.29,32.63,32.69,33.0,-0.3100000000000023,-0.94,396376.35,1380094.248,,,,,,,,20230517
2023-05-18,600036.SH,32.91,33.01,32.42,32.64,32.69,-0.04999999999999716,-0.15,329012.3,1137523.121,,,,,,,,20230518
2023-05-19,600036.SH,32.55,32.64,32.16,32.17,32.64,-0.46999999999999886,-1.44,392989.8,1339332.375,,,,,,,,20230519
2023-05-22,600036.SH,32.2,32.54,32.2,32.41,32.17,0.23999999999999488,0.75,296934.41,1014463.033,,,,,,,,20230522
2023-05-23,600036.SH,32.42,32.58,31.84,31.84,32.41,-0.5699999999999967,-1.76,346921.26,1177389.441,,,,,,,,20230523
2023-05-24,600036.SH,31.83,31.83,31.2,31.2,31.84,-0.6400000000000006,-2.01,463998.73,1541649.339,,,,,,,,20230524
2023-05-25,600036.SH,31.04,31.04,30.47,30.72,31.2,-0.4800000000000004,-1.54,706051.03,2286618.239,,,,,,,,20230525
2023-05-26,600036.SH,30.74,31.14,30.53,31.02,30.72,0.3000000000000007,0.98,294623.74,958855.792,,,,,,,,20230526
2023-05-29,600036.SH,31.22,31.22,30.74,30.98,31.02,-0.03999999999999915,-0.13,387300.9,1263259.965,,,,,,,,20230529
2023-05-30,600036.SH,30.98,31.18,30.66,30.93,30.98,-0.05000000000000071,-0.16,340071.78,1108840.1,,,,,,,,20230530
2023-05-31,600036.SH,30.89,31.08,30.55,30.61,30.93,-0.3200000000000003,-1.03,525413.98,1704091.986,,,,,,,,20230531
2023-06-01,600036.SH,30.62,30.8,30.34,30.38,30.61,-0.23000000000000043,-0.75,472398.81,1521250.952,,,,,,,,20230601
2023-06-02,600036.SH,30.53,31.37,30.52,31.34,30.38,0.9600000000000009,3.16,558856.07,1829053.08,,,,,,,,20230602
2023-06-05,600036.SH,31.34,31.53,31.12,31.31,31.34,-0.030000000000001137,-0.1,312730.34,1033695.634,,,,,,,,20230605
2023-06-06,600036.SH,31.31,32.03,31.25,31.34,31.31,0.030000000000001137,0.1,386633.75,1288946.278,,,,,,,,20230606
2023-06-07,600036.SH,31.51,31.85,31.42,31.56,31.34,0.21999999999999886,0.7,338906.35,1132209.544,,,,,,,,20230607
2023-06-08,600036.SH,31.58,32.43,31.48,32.3,31.56,0.7399999999999984,2.34,549615.01,1859578.016,,,,,,,,20230608
2023-06-09,600036.SH,32.27,32.46,31.97,31.97,32.3,-0.3299999999999983,-1.02,415108.72,1408235.126,,,,,,,,20230609
2023-06-12,600036.SH,31.96,32.15,31.63,31.96,31.97,-0.00999999999999801,-0.03,406773.76,1370601.854,,,,,,,,20230612
2023-06-13,600036.SH,31.8,32.16,31.75,31.96,31.96,0.0,0.0,231245.56,779060.071,,,,,,,,20230613
2023-06-14,600036.SH,32.15,32.26,31.64,31.64,31.96,-0.3200000000000003,-1.0,382633.1,1289658.685,,,,,,,,20230614
2023-06-15,600036.SH,31.75,32.02,31.57,31.96,31.64,0.3200000000000003,1.01,369537.06,1239411.035,,,,,,,,20230615
2023-06-16,600036.SH,32.09,32.26,31.98,32.15,31.96,0.18999999999999773,0.59,426806.37,1448460.382,,,,,,,,20230616
2023-06-19,600036.SH,32.14,32.14,31.8,31.82,32.15,-0.3299999999999983,-1.03,278960.62,939883.957,,,,,,,,20230619
2023-06-20,600036.SH,31.75,31.8,31.37,31.45,31.82,-0.370000000000001,-1.16,307648.75,1024392.135,,,,,,,,20230620
2023-06-21,600036.SH,31.33,31.88,31.27,31.43,31.45,-0.019999999999999574,-0.06,427865.99,1426164.911,,,,,,,,20230621
2023-06-26,600036.SH,31.21,31.37,30.72,30.9,31.43,-0.5300000000000011,-1.69,432103.0,1410658.235,,,,,,,,20230626
2023-06-27,600036.SH,30.92,31.28,30.74,31.1,30.9,0.20000000000000284,0.65,345715.27,1132557.913,,,,,,,,20230627
2023-06-28,600036.SH,31.09,31.44,31.01,31.32,31.1,0.21999999999999886,0.71,333818.01,1100128.735,,,,,,,,20230628
2023-06-29,600036.SH,31.32,31.44,30.96,30.97,31.32,-0.3500000000000014,-1.12,258548.31,848217.753,,,,,,,,20230629
2023-06-30,600036.SH,31.02,31.27,30.93,31.05,30.97,0.08000000000000185,0.26,293613.27,964762.581,,,,,,,,20230630
2023-07-03,600036.SH,31.18,31.99,31.08,31.96,31.05,0.9100000000000001,2.93,453667.67,1515242.663,,,,,,,,20230703
2023-07-04,600036.SH,31.84,31.84,31.61,31.76,31.96,-0.1999999999999993,-0.63,224086.56,749827.211,,,,,,,,20230704
2023-07-05,600036.SH,31.75,31.75,31.12,31.3,31.76,-0.46000000000000085,-1.45,413071.58,1365494.25,,,,,,,,20230705
2023-07-06,600036.SH,31.3,31.39,30.81,30.88,31.3,-0.4200000000000017,-1.34,407842.46,1334753.417,,,,,,,,20230706
2023-07-07,600036.SH,30.8,30.88,30.6,30.62,30.88,-0.259999999999998,-0.84,472794.4,1530388.129,,,,,,,,20230707
2023-07-10,600036.SH,30.82,30.98,30.64,30.75,30.62,0.129999999999999,0.42,272076.77,883689.382,,,,,,,,20230710
2023-07-11,600036.SH,31.02,31.08,30.77,31.0,30.75,0.25,0.81,329166.54,1074347.765,,,,,,,,20230711
2023-07-12,600036.SH,31.01,31.69,31.01,31.46,31.0,0.46000000000000085,1.48,632049.33,2098753.494,,,,,,,,20230712
2023-07-13,600036.SH,31.99,32.0,31.45,31.85,31.46,0.39000000000000057,1.24,563850.28,1791570.807,,,,,,,,20230713
2023-07-14,600036.SH,31.94,32.19,31.78,31.93,31.85,0.0799999999999983,0.25,347520.56,1111472.582,,,,,,,,20230714
2023-07-17,600036.SH,31.77,31.78,31.43,31.65,31.93,-0.28000000000000114,-0.88,262002.79,827190.406,,,,,,,,20230717
2023-07-18,600036.SH,31.65,31.77,31.39,31.46,31.65,-0.18999999999999773,-0.6,316389.46,996591.508,,,,,,,,20230718
2023-07-19,600036.SH,31.29,31.64,31.26,31.58,31.46,0.11999999999999744,0.38,240295.64,755090.293,,,,,,,,20230719
2023-07-20,600036.SH,31.77,32.1,31.6,31.69,31.58,0.11000000000000298,0.35,272394.43,867690.876,,,,,,,,20230720
2023-07-21,600036.SH,31.8,31.98,31.61,31.8,31.69,0.10999999999999943,0.35,315669.0,1004431.833,,,,,,,,20230721
2023-07-24,600036.SH,31.46,31.73,31.4,31.45,31.8,-0.3500000000000014,-1.1,239122.03,753332.483,,,,,,,,20230724
2023-07-25,600036.SH,32.0,33.35,32.0,33.27,31.45,1.8200000000000038,5.79,1261620.96,4159900.848,,,,,,,,20230725
2023-07-26,600036.SH,33.27,33.73,33.07,33.35,33.27,0.0799999999999983,0.24,501751.4,1673625.171,,,,,,,,20230726
2023-07-27,600036.SH,33.5,33.82,33.2,33.66,33.35,0.30999999999999517,0.93,548488.96,1845231.37,,,,,,,,20230727
2023-07-28,600036.SH,33.49,35.29,33.41,35.1,33.66,1.4400000000000048,4.28,1256287.59,4358344.107,,,,,,,,20230728
2023-07-31,600036.SH,35.52,36.04,35.01,35.56,35.1,0.46000000000000085,1.31,1162756.05,4127807.307,,,,,,,,20230731
2023-08-01,600036.SH,35.53,35.58,34.77,34.99,35.56,-0.5700000000000003,-1.6,660095.85,2316910.863,,,,,,,,20230801
2023-08-02,600036.SH,34.16,34.82,33.77,34.03,34.99,-0.9600000000000009,-2.74,915357.61,3124298.66,,,,,,,,20230802
2023-08-03,600036.SH,34.02,34.78,33.87,34.68,34.03,0.6499999999999986,1.91,509293.81,1750414.829,,,,,,,,20230803
2023-08-04,600036.SH,35.08,35.5,34.72,34.88,34.68,0.20000000000000284,0.58,812642.48,2854335.236,,,,,,,,20230804
2023-08-07,600036.SH,34.75,34.78,34.28,34.5,34.88,-0.38000000000000256,-1.09,344671.92,1187405.635,,,,,,,,20230807
2023-08-08,600036.SH,34.33,34.65,33.81,34.15,34.5,-0.3500000000000014,-1.01,502282.55,1715919.7,,,,,,,,20230808
2023-08-09,600036.SH,34.02,34.31,33.95,34.02,34.15,-0.12999999999999545,-0.38,386832.5,1318960.193,,,,,,,,20230809
2023-08-10,600036.SH,33.9,34.25,33.8,34.14,34.02,0.11999999999999744,0.35,287724.69,978706.457,,,,,,,,20230810
2023-08-11,600036.SH,34.16,34.47,33.15,33.15,34.14,-0.990000000000002,-2.9,606240.04,2032299.867,,,,,,,,20230811
2023-08-14,600036.SH,32.8,32.83,32.25,32.46,33.15,-0.6899999999999977,-2.08,667072.91,2167337.311,,,,,,,,20230814
2023-08-15,600036.SH,32.46,32.64,32.15,32.36,32.46,-0.10000000000000142,-0.31,582959.14,1887265.044,,,,,,,,20230815
2023-08-16,600036.SH,32.15,32.25,31.88,31.97,32.36,-0.39000000000000057,-1.21,580151.81,1857011.416,,,,,,,,20230816
2023-08-17,600036.SH,31.78,31.87,31.49,31.79,31.97,-0.17999999999999972,-0.56,646075.69,2043578.651,,,,,,,,20230817
2023-08-18,600036.SH,31.75,32.63,31.75,31.88,31.79,0.08999999999999986,0.28,674594.67,2169641.216,,,,,,,,20230818
2023-08-21,600036.SH,31.81,31.84,31.13,31.13,31.88,-0.75,-2.35,809575.31,2537398.399,,,,,,,,20230821
2023-08-22,600036.SH,31.21,31.47,31.0,31.32,31.13,0.19000000000000128,0.61,601070.44,1877097.295,,,,,,,,20230822
2023-08-23,600036.SH,31.2,31.44,30.85,30.85,31.32,-0.46999999999999886,-1.5,560743.58,1743312.676,,,,,,,,20230823
2023-08-24,600036.SH,31.0,31.15,30.8,31.06,30.85,0.2099999999999973,0.68,412256.14,1277299.345,,,,,,,,20230824
2023-08-25,600036.SH,31.0,31.85,30.9,31.56,31.06,0.5,1.61,647471.34,2028793.535,,,,,,,,20230825
2023-08-28,600036.SH,33.3,33.93,32.03,32.26,31.56,0.6999999999999993,2.22,1405093.67,4608776.006,,,,,,,,20230828
2023-08-29,600036.SH,32.26,32.44,31.77,32.04,32.26,-0.21999999999999886,-0.68,721169.98,2310485.794,,,,,,,,20230829
2023-08-30,600036.SH,32.19,32.19,31.55,31.66,32.04,-0.379999999999999,-1.19,639801.58,2031430.069,,,,,,,,20230830
2023-08-31,600036.SH,31.8,32.08,31.49,31.55,31.66,-0.10999999999999943,-0.35,503220.17,1595044.491,,,,,,,,20230831
2023-09-01,600036.SH,31.95,32.63,31.88,32.27,31.55,0.7200000000000024,2.28,697526.19,2250478.414,,,,,,,,20230901
2023-09-04,600036.SH,32.58,33.61,32.47,33.53,32.27,1.259999999999998,3.9,1104299.32,3671655.441,,,,,,,,20230904
2023-09-05,600036.SH,33.3,33.44,32.97,33.11,33.53,-0.4200000000000017,-1.25,447322.61,1483496.734,,,,,,,,20230905
2023-09-06,600036.SH,33.1,33.46,32.77,33.36,33.11,0.25,0.76,546740.47,1812037.299,,,,,,,,20230906
2023-09-07,600036.SH,33.31,33.31,33.01,33.14,33.36,-0.21999999999999886,-0.66,358701.98,1188879.205,,,,,,,,20230907
2023-09-08,600036.SH,33.0,33.26,32.95,33.17,33.14,0.030000000000001137,0.09,298500.98,989879.153,,,,,,,,20230908
2023-09-11,600036.SH,33.13,33.29,32.91,32.91,33.17,-0.2600000000000051,-0.78,632873.69,2091952.941,,,,,,,,20230911
2023-09-12,600036.SH,32.9,33.05,32.82,32.88,32.91,-0.02999999999999403,-0.09,277590.78,914017.922,,,,,,,,20230912
2023-09-13,600036.SH,32.95,33.08,32.66,32.75,32.88,-0.13000000000000256,-0.4,298915.34,980129.608,,,,,,,,20230913
2023-09-14,600036.SH,32.95,33.19,32.85,33.07,32.75,0.3200000000000003,0.98,437343.9,1443840.329,,,,,,,,20230914
2023-09-15,600036.SH,33.3,33.42,32.8,32.96,33.07,-0.10999999999999943,-0.33,439602.15,1453249.853,,,,,,,,20230915
2023-09-18,600036.SH,32.87,33.05,32.7,33.02,32.96,0.060000000000002274,0.18,360401.92,1186454.306,,,,,,,,20230918
2023-09-19,600036.SH,33.0,33.0,32.72,32.96,33.02,-0.060000000000002274,-0.18,384652.7,1263587.161,,,,,,,,20230919
2023-09-20,600036.SH,32.86,32.86,32.63,32.73,32.96,-0.23000000000000398,-0.7,309317.58,1012842.173,,,,,,,,20230920
2023-09-21,600036.SH,32.75,32.81,32.37,32.37,32.73,-0.35999999999999943,-1.1,390318.54,1270724.458,,,,,,,,20230921
2023-09-22,600036.SH,32.59,33.37,32.32,33.34,32.37,0.970000000000006,3.0,712833.16,2349131.841,,,,,,,,20230922
2023-09-25,600036.SH,33.28,33.28,32.9,33.0,33.34,-0.3400000000000034,-1.02,456515.41,1506238.619,,,,,,,,20230925
2023-09-26,600036.SH,32.93,33.08,32.75,32.8,33.0,-0.20000000000000284,-0.61,322023.56,1058673.65,,,,,,,,20230926
2023-09-27,600036.SH,32.9,33.09,32.75,32.82,32.8,0.020000000000003126,0.06,352466.79,1159673.83,,,,,,,,20230927
2023-09-28,600036.SH,33.02,33.14,32.75,32.97,32.82,0.14999999999999858,0.46,388564.69,1280959.169,,,,,,,,20230928
2023-10-09,600036.SH,32.7,32.7,32.38,32.58,32.97,-0.39000000000000057,-1.18,361342.67,1176010.754,,,,,,,,20231009
2023-10-10,600036.SH,33.12,33.13,32.59,32.59,32.58,0.010000000000005116,0.03,342636.98,1123856.356,,,,,,,,20231010
2023-10-11,600036.SH,32.84,32.85,32.4,32.45,32.59,-0.14000000000000057,-0.43,376091.24,1226529.938,,,,,,,,20231011
2023-10-12,600036.SH,32.99,33.33,32.78,33.07,32.45,0.6199999999999974,1.91,617459.63,2041713.576,,,,,,,,20231012
2023-10-13,600036.SH,32.78,32.88,32.51,32.61,33.07,-0.46000000000000085,-1.39,410371.87,1341527.525,,,,,,,,20231013
2023-10-16,600036.SH,32.58,32.66,32.24,32.31,32.61,-0.29999999999999716,-0.92,286774.14,928068.013,,,,,,,,20231016
2023-10-17,600036.SH,32.39,32.6,32.22,32.52,32.31,0.21000000000000085,0.65,286229.14,928757.316,,,,,,,,20231017
2023-10-18,600036.SH,32.49,32.64,32.41,32.49,32.52,-0.030000000000001137,-0.09,249316.67,810933.178,,,,,,,,20231018
2023-10-19,600036.SH,32.4,32.4,31.52,31.57,32.49,-0.9200000000000017,-2.83,604293.38,1922080.369,,,,,,,,20231019
2023-10-20,600036.SH,31.49,31.81,31.4,31.65,31.57,0.0799999999999983,0.25,372589.37,1178535.483,,,,,,,,20231020
2023-10-23,600036.SH,31.59,31.65,31.0,31.23,31.65,-0.41999999999999815,-1.33,393801.84,1232365.016,,,,,,,,20231023
2023-10-24,600036.SH,31.38,31.41,31.04,31.3,31.23,0.07000000000000028,0.22,365526.63,1142319.006,,,,,,,,20231024
2023-10-25,600036.SH,31.6,31.75,31.2,31.42,31.3,0.120000000000001,0.38,375693.32,1179249.724,,,,,,,,20231025
2023-10-26,600036.SH,31.36,31.75,31.26,31.5,31.42,0.0799999999999983,0.25,287029.85,904374.422,,,,,,,,20231026
2023-10-27,600036.SH,31.45,31.65,31.15,31.53,31.5,0.030000000000001137,0.1,391452.76,1231933.968,,,,,,,,20231027
2023-10-30,600036.SH,31.01,31.13,30.55,30.9,31.53,-0.6300000000000026,-2.0,838500.56,2582604.676,,,,,,,,20231030
2023-10-31,600036.SH,30.74,30.99,30.61,30.76,30.9,-0.13999999999999702,-0.45,528015.99,1624462.29,,,,,,,,20231031
2023-11-01,600036.SH,30.8,30.88,30.43,30.45,30.76,-0.3100000000000023,-1.01,529897.07,1617976.148,,,,,,,,20231101
2023-11-02,600036.SH,30.6,30.81,30.51,30.68,30.45,0.23000000000000043,0.76,364667.71,1118895.486,,,,,,,,20231102
2023-11-03,600036.SH,30.68,31.04,30.6,30.99,30.68,0.3099999999999987,1.01,439568.79,1357177.293,,,,,,,,20231103
2023-11-06,600036.SH,31.15,31.35,30.96,31.14,30.99,0.15000000000000213,0.48,519823.85,1617714.882,,,,,,,,20231106
2023-11-07,600036.SH,31.14,31.14,30.65,30.8,31.14,-0.33999999999999986,-1.09,516240.67,1589834.114,,,,,,,,20231107
2023-11-08,600036.SH,30.74,30.78,30.5,30.6,30.8,-0.1999999999999993,-0.65,445182.98,1363161.957,,,,,,,,20231108
2023-11-09,600036.SH,30.55,30.78,30.52,30.66,30.6,0.05999999999999872,0.2,327649.58,1003833.045,,,,,,,,20231109
2023-11-10,600036.SH,30.5,30.56,30.1,30.16,30.66,-0.5,-1.63,516964.62,1561581.974,,,,,,,,20231110
2023-11-13,600036.SH,30.17,30.27,29.61,29.82,30.16,-0.33999999999999986,-1.13,634242.73,1891693.842,,,,,,,,20231113
2023-11-14,600036.SH,29.87,30.2,29.86,30.2,29.82,0.379999999999999,1.27,448342.67,1347710.79,,,,,,,,20231114
2023-11-15,600036.SH,30.45,30.77,30.39,30.64,30.2,0.4400000000000013,1.46,601939.6,1842095.992,,,,,,,,20231115
2023-11-16,600036.SH,30.67,30.77,30.37,30.54,30.64,-0.10000000000000142,-0.33,315719.93,965161.754,,,,,,,,20231116
2023-11-17,600036.SH,30.46,30.52,30.1,30.33,30.54,-0.21000000000000085,-0.69,432452.82,1308022.703,,,,,,,,20231117
2023-11-20,600036.SH,30.34,30.59,30.14,30.58,30.33,0.25,0.82,369227.08,1123420.442,,,,,,,,20231120
2023-11-21,600036.SH,30.75,30.87,30.37,30.43,30.58,-0.14999999999999858,-0.49,488544.7,1497630.759,,,,,,,,20231121
2023-11-22,600036.SH,30.3,30.41,30.15,30.16,30.43,-0.2699999999999996,-0.89,273705.42,828342.908,,,,,,,,20231122
2023-11-23,600036.SH,30.02,30.21,29.95,30.14,30.16,-0.019999999999999574,-0.07,299793.83,900540.283,,,,,,,,20231123
2023-11-24,600036.SH,30.06,30.1,29.93,30.0,30.14,-0.14000000000000057,-0.46,291162.76,873539.196,,,,,,,,20231124
2023-11-27,600036.SH,30.0,30.03,29.29,29.4,30.0,-0.6000000000000014,-2.0,581019.58,1714186.982,,,,,,,,20231127
2023-11-28,600036.SH,29.41,29.49,29.04,29.16,29.4,-0.23999999999999844,-0.82,475165.11,1389229.278,,,,,,,,20231128
2023-11-29,600036.SH,29.2,29.24,28.68,28.8,29.16,-0.35999999999999943,-1.23,620637.52,1789462.813,,,,,,,,20231129
2023-11-30,600036.SH,28.8,28.98,28.6,28.79,28.8,-0.010000000000001563,-0.03,551560.06,1585194.742,,,,,,,,20231130
2023-12-01,600036.SH,28.72,28.74,28.07,28.26,28.79,-0.5299999999999976,-1.84,882736.44,2496795.77,,,,,,,,20231201
2023-12-04,600036.SH,28.27,28.46,28.02,28.08,28.26,-0.18000000000000327,-0.64,557878.3,1569603.288,,,,,,,,20231204
2023-12-05,600036.SH,28.06,28.07,27.5,27.51,28.08,-0.5699999999999967,-2.03,618901.67,1717656.519,,,,,,,,20231205
2023-12-06,600036.SH,27.56,27.96,27.45,27.76,27.51,0.25,0.91,611259.26,1697947.805,,,,,,,,20231206
2023-12-07,600036.SH,27.77,27.94,27.29,27.81,27.76,0.04999999999999716,0.18,594966.98,1643064.047,,,,,,,,20231207
2023-12-08,600036.SH,25.04,25.27,24.86,24.86,25.14,-0.2800000000000011,-1.11,533497.65,1479206.064,,,,,,,20231208.0,20231208
2023-12-11,600036.SH,24.64,25.18,24.32,25.1,24.86,0.240000000000002,0.97,758085.97,2067921.108,,,,,,,20231211.0,20231211
2023-12-12,600036.SH,25.04,25.38,24.96,25.36,25.1,0.259999999999998,1.04,504201.11,1409339.298,,,,,,,20231212.0,20231212
2023-12-13,600036.SH,25.24,25.24,24.59,24.61,25.36,-0.75,-2.96,671239.32,1844591.027,,,,,,,20231213.0,20231213
2023-12-14,600036.SH,24.81,24.99,24.44,24.44,24.61,-0.1699999999999981,-0.69,445268.08,1214879.008,,,,,,,20231214.0,20231214
2023-12-15,600036.SH,24.84,25.36,24.59,24.62,24.44,0.1799999999999997,0.74,980686.59,2697705.037,,,,,,,20231215.0,20231215
2023-12-18,600036.SH,24.41,24.75,24.32,24.66,24.62,0.0399999999999991,0.16,477164.25,1299068.335,,,,,,,20231218.0,20231218
2023-12-19,600036.SH,24.59,24.73,24.43,24.67,24.66,0.0100000000000015,0.04,376573.73,1024185.206,,,,,,,20231219.0,20231219
2023-12-20,600036.SH,24.69,24.78,24.46,24.46,24.67,-0.2100000000000008,-0.85,531128.08,1446520.286,,,,,,,20231220.0,20231220
2023-12-21,600036.SH,24.39,25.09,24.34,25.05,24.46,0.5899999999999999,2.41,759104.81,2082187.758,,,,,,,20231221.0,20231221
2023-12-22,600036.SH,25.12,25.18,24.78,24.96,25.05,-0.0899999999999998,-0.36,623643.72,1721377.205,,,,,,,20231222.0,20231222
2023-12-25,600036.SH,24.95,25.06,24.79,24.89,24.96,-0.0700000000000002,-0.28,419033.86,1154001.375,,,,,,,20231225.0,20231225
2023-12-26,600036.SH,24.85,24.85,24.56,24.65,24.89,-0.240000000000002,-0.96,365257.08,997177.589,,,,,,,20231226.0,20231226
2023-12-27,600036.SH,24.71,24.75,24.46,24.68,24.65,0.0300000000000011,0.12,410636.87,1117439.216,,,,,,,20231227.0,20231227
2023-12-28,600036.SH,24.64,25.43,24.64,25.31,24.68,0.629999999999999,2.55,1061062.85,2953200.858,,,,,,,20231228.0,20231228
2023-12-29,600036.SH,25.22,25.36,25.11,25.15,25.31,-0.1600000000000001,-0.63,655773.45,1827818.811,,,,,,,20231229.0,20231229
2024-01-02,600036.SH,25.27,25.28,24.92,24.94,25.15,-0.2099999999999973,-0.83,542194.8,1500865.548,,,,,,,20240102.0,20240102
2024-01-03,600036.SH,24.94,25.17,24.88,25.11,24.94,0.1699999999999981,0.68,433955.88,1200383.624,,,,,,,20240103.0,20240103
2024-01-04,600036.SH,25.1,25.16,24.74,25.14,25.11,0.0300000000000011,0.12,637102.49,1759101.593,,,,,,,20240104.0,20240104
2024-01-05,600036.SH,25.09,26.02,24.97,25.58,25.14,0.4399999999999977,1.75,1190633.15,3376466.447,,,,,,,20240105.0,20240105
2024-01-08,600036.SH,25.47,25.85,25.27,25.43,25.58,-0.1499999999999985,-0.59,816820.7,2305065.736,,,,,,,20240108.0,20240108
2024-01-09,600036.SH,25.42,25.57,25.22,25.47,25.43,0.0399999999999991,0.16,558663.06,1569684.23,,,,,,,20240109.0,20240109
2024-01-10,600036.SH,25.33,25.63,25.33,25.36,25.47,-0.1099999999999994,-0.43,453640.48,1277638.873,,,,,,,20240110.0,20240110
2024-01-11,600036.SH,25.31,25.83,25.18,25.66,25.36,0.3000000000000007,1.18,735318.26,2082611.272,,,,,,,20240111.0,20240111
2024-01-12,600036.SH,25.55,26.02,25.55,25.8,25.66,0.1400000000000005,0.55,577832.01,1652242.626,,,,,,,20240112.0,20240112
2024-01-15,600036.SH,25.77,26.16,25.65,26.01,25.8,0.2100000000000008,0.81,482452.29,1383953.76,,,,,,,20240115.0,20240115
2024-01-16,600036.SH,25.88,26.34,25.86,26.34,26.01,0.3299999999999983,1.27,853440.24,2469511.282,,,,,,,20240116.0,20240116
2024-01-17,600036.SH,26.33,26.74,26.25,26.39,26.34,0.0500000000000007,0.19,1308601.46,3843478.823,,,,,,,20240117.0,20240117
2024-01-18,600036.SH,26.16,26.83,25.86,26.74,26.39,0.3499999999999978,1.33,1295126.45,3762050.846,,,,,,,20240118.0,20240118
2024-01-19,600036.SH,26.55,27.03,26.35,26.88,26.74,0.1400000000000005,0.52,968616.23,2865398.412,,,,,,,20240119.0,20240119
2024-01-22,600036.SH,26.91,27.58,26.85,27.35,26.88,0.4700000000000024,1.75,1549702.67,4691297.1,,,,,,,20240122.0,20240122
2024-01-23,600036.SH,27.13,27.44,26.94,27.11,27.35,-0.240000000000002,-0.88,886055.52,2661547.376,,,,,,,20240123.0,20240123
2024-01-24,600036.SH,27.26,27.39,26.56,27.2,27.11,0.0899999999999998,0.33,974892.39,2904947.629,,,,,,,20240124.0,20240124
2024-01-25,600036.SH,27.4,28.03,27.29,27.94,27.2,0.740000000000002,2.72,1234509.22,3791899.866,,,,,,,20240125.0,20240125
2024-01-26,600036.SH,27.95,28.34,27.72,28.14,27.94,0.1999999999999993,0.72,1009915.78,3132788.305,,,,,,,20240126.0,20240126
2024-01-29,600036.SH,28.21,28.57,28.18,28.34,28.14,0.1999999999999993,0.71,838824.33,2632393.04,,,,,,,20240129.0,20240129
2024-01-30,600036.SH,28.21,28.48,27.83,28.03,28.34,-0.3099999999999987,-1.09,743999.13,2316762.5,,,,,,,20240130.0,20240130
2024-01-31,600036.SH,27.95,28.2,27.66,27.76,28.03,-0.2699999999999996,-0.96,808949.28,2494516.011,,,,,,,20240131.0,20240131
2024-02-01,600036.SH,27.73,27.88,27.3,27.5,27.76,-0.2600000000000015,-0.94,859700.09,2621519.218,,,,,,,20240201.0,20240201
2024-02-02,600036.SH,27.53,27.72,26.8,27.33,27.5,-0.1700000000000017,-0.62,987291.65,2986530.108,,,,,,,20240202.0,20240202
2024-02-05,600036.SH,27.33,27.98,27.18,27.76,27.33,0.4300000000000032,1.57,1063978.81,3246673.368,,,,,,,20240205.0,20240205
2024-02-06,600036.SH,27.76,28.34,27.67,28.33,27.76,0.5699999999999967,2.05,1062158.43,3296036.54,,,,,,,20240206.0,20240206
2024-02-07,600036.SH,28.41,28.46,27.86,28.31,28.33,-0.0199999999999995,-0.07,1110510.58,3458135.329,,,,,,,20240207.0,20240207
2024-02-08,600036.SH,28.31,28.43,28.05,28.39,28.31,0.0800000000000018,0.28,873004.36,2728137.528,,,,,,,20240208.0,20240208
2024-02-19,600036.SH,28.92,28.92,28.4,28.59,28.39,0.1999999999999993,0.7,875490.1,2770406.837,,,,,,,20240219.0,20240219
2024-02-20,600036.SH,28.59,28.59,28.29,28.39,28.59,-0.1999999999999993,-0.7,606404.69,1907541.533,,,,,,,20240220.0,20240220
2024-02-21,600036.SH,28.39,30.19,28.34,29.84,28.39,1.4499999999999993,5.11,1528656.12,5003152.628,,,,,,,20240221.0,20240221
2024-02-22,600036.SH,29.66,29.79,29.28,29.65,29.84,-0.1900000000000012,-0.64,752760.38,2461009.465,,,,,,,20240222.0,20240222
2024-02-23,600036.SH,29.66,30.2,29.49,29.79,29.65,0.1400000000000005,0.47,639848.72,2118316.307,,,,,,,20240223.0,20240223
2024-02-26,600036.SH,29.71,29.89,29.0,29.16,29.79,-0.629999999999999,-2.11,666390.18,2163023.087,,,,,,,20240226.0,20240226
2024-02-27,600036.SH,29.15,29.29,28.92,29.09,29.16,-0.0700000000000002,-0.24,543491.54,1746108.592,,,,,,,20240227.0,20240227
2024-02-28,600036.SH,29.19,29.19,28.57,28.95,29.09,-0.1400000000000005,-0.48,683707.52,2186677.932,,,,,,,20240228.0,20240228
2024-02-29,600036.SH,28.83,29.11,28.8,28.97,28.95,0.0199999999999995,0.07,498928.29,1595634.178,,,,,,,20240229.0,20240229
2024-03-01,600036.SH,28.86,29.0,28.71,28.88,28.97,-0.0899999999999998,-0.31,427173.92,1361853.701,,,,,,,20240301.0,20240301
2024-03-04,600036.SH,28.71,28.81,28.45,28.5,28.88,-0.379999999999999,-1.32,591350.15,1868022.544,,,,,,,20240304.0,20240304
2024-03-05,600036.SH,28.41,29.12,28.31,29.09,28.5,0.5899999999999999,2.07,894028.67,2850224.114,,,,,,,20240305.0,20240305
2024-03-06,600036.SH,29.06,29.17,28.81,28.81,29.09,-0.2800000000000011,-0.96,516101.77,1655425.115,,,,,,,20240306.0,20240306
2024-03-07,600036.SH,28.81,29.05,28.73,28.93,28.81,0.120000000000001,0.42,519491.97,1659111.449,,,,,,,20240307.0,20240307
2024-03-08,600036.SH,28.83,28.94,28.52,28.63,28.93,-0.3000000000000007,-1.04,441071.17,1399732.269,,,,,,,20240308.0,20240308
2024-03-11,600036.SH,28.52,28.71,28.21,28.46,28.63,-0.1699999999999981,-0.59,738537.94,2318402.185,,,,,,,20240311.0,20240311
2024-03-12,600036.SH,28.41,29.07,28.28,28.89,28.46,0.4299999999999997,1.51,769253.75,2447163.517,,,,,,,20240312.0,20240312
2024-03-13,600036.SH,28.9,28.92,28.42,28.5,28.89,-0.3900000000000005,-1.35,469387.14,1482651.384,,,,,,,20240313.0,20240313
2024-03-14,600036.SH,28.44,28.68,28.17,28.25,28.5,-0.25,-0.88,508174.98,1595073.269,,,,,,,20240314.0,20240314
2024-03-15,600036.SH,28.24,28.41,28.03,28.19,28.25,-0.0599999999999987,-0.21,520780.63,1621589.213,,,,,,,20240315.0,20240315
2024-03-18,600036.SH,28.16,28.33,28.03,28.14,28.19,-0.0500000000000007,-0.18,461897.7,1436837.36,,,,,,,20240318.0,20240318
2024-03-19,600036.SH,28.12,28.13,27.78,27.85,28.14,-0.2899999999999991,-1.03,547025.3,1688506.946,,,,,,,20240319.0,20240319
2024-03-20,600036.SH,27.85,28.21,27.72,28.19,27.85,0.3399999999999998,1.22,498272.25,1544956.631,,,,,,,20240320.0,20240320
2024-03-21,600036.SH,28.18,28.71,28.07,28.52,28.19,0.3299999999999983,1.17,646761.08,2040298.376,,,,,,,20240321.0,20240321
2024-03-22,600036.SH,28.51,28.52,27.94,28.21,28.52,-0.3099999999999987,-1.09,552878.52,1722145.156,,,,,,,20240322.0,20240322
2024-03-25,600036.SH,28.13,28.49,27.95,28.34,28.21,0.129999999999999,0.46,483759.02,1514858.505,,,,,,,20240325.0,20240325
2024-03-26,600036.SH,28.75,29.53,28.69,29.29,28.34,0.9499999999999992,3.35,1244307.91,4014510.51,,,,,,,20240326.0,20240326
2024-03-27,600036.SH,29.19,29.52,29.12,29.2,29.29,-0.0899999999999998,-0.31,782084.88,2539984.05,,,,,,,20240327.0,20240327
2024-03-28,600036.SH,29.24,29.38,28.99,29.09,29.2,-0.1099999999999994,-0.38,694744.92,2242513.222,,,,,,,20240328.0,20240328
2024-03-29,600036.SH,29.02,29.51,28.99,29.11,29.09,0.0199999999999995,0.07,514001.31,1663236.764,,,,,,,20240329.0,20240329
2024-04-01,600036.SH,29.09,29.7,29.09,29.51,29.11,0.4000000000000021,1.37,570152.32,1861582.316,,,,,,,20240401.0,20240401
2024-04-02,600036.SH,29.56,29.76,29.33,29.43,29.51,-0.0800000000000018,-0.27,536618.99,1753251.097,,,,,,,20240402.0,20240402
2024-04-03,600036.SH,29.42,29.5,29.14,29.14,29.43,-0.2899999999999991,-0.99,498081.63,1612691.616,,,,,,,20240403.0,20240403
2024-04-08,600036.SH,29.15,29.44,28.96,29.29,29.14,0.1499999999999985,0.51,477291.23,1544564.957,,,,,,,20240408.0,20240408
2024-04-09,600036.SH,29.38,29.5,29.21,29.21,29.29,-0.0799999999999983,-0.27,384772.07,1248965.235,,,,,,,20240409.0,20240409
2024-04-10,600036.SH,29.1,29.55,29.1,29.37,29.21,0.1600000000000001,0.55,504013.72,1638691.786,,,,,,,20240410.0,20240410
2024-04-11,600036.SH,29.21,29.31,29.05,29.2,29.37,-0.1700000000000017,-0.58,443747.73,1432073.801,,,,,,,20240411.0,20240411
2024-04-12,600036.SH,29.18,29.36,28.99,29.04,29.2,-0.1600000000000001,-0.55,478204.14,1540845.216,,,,,,,20240412.0,20240412
2024-04-15,600036.SH,29.02,29.84,29.01,29.68,29.04,0.6400000000000006,2.2,764644.73,2503221.029,,,,,,,20240415.0,20240415
2024-04-16,600036.SH,29.57,29.81,29.34,29.61,29.68,-0.0700000000000002,-0.24,741556.1,2429469.045,,,,,,,20240416.0,20240416
2024-04-17,600036.SH,29.56,30.28,29.36,30.11,29.61,0.5,1.69,948211.96,3131202.074,,,,,,,20240417.0,20240417
2024-04-18,600036.SH,30.07,30.83,30.01,30.42,30.11,0.3100000000000023,1.03,1006574.01,3393695.785,,,,,,,20240418.0,20240418
2024-04-19,600036.SH,30.34,30.59,30.22,30.4,30.42,-0.0200000000000031,-0.07,540383.5,1818443.521,,,,,,,20240419.0,20240419
2024-04-22,600036.SH,30.54,30.91,29.88,30.14,30.4,-0.259999999999998,-0.86,607535.07,2034006.573,,,,,,,20240422.0,20240422
2024-04-23,600036.SH,30.11,30.58,30.04,30.18,30.14,0.0399999999999991,0.13,512452.44,1717681.682,,,,,,,20240423.0,20240423
2024-04-24,600036.SH,30.18,30.33,29.93,30.25,30.18,0.0700000000000002,0.23,443383.53,1480785.929,,,,,,,20240424.0,20240424
2024-04-25,600036.SH,30.23,31.1,30.18,31.1,30.25,0.8500000000000014,2.81,919481.8,3136628.386,,,,,,,20240425.0,20240425
2024-04-26,600036.SH,31.1,31.53,30.94,31.17,31.1,0.0700000000000002,0.23,954898.83,3292052.902,,,,,,,20240426.0,20240426
2024-04-29,600036.SH,31.1,31.79,30.92,31.53,31.17,0.3599999999999994,1.15,818064.12,2854804.596,,,,,,,20240429.0,20240429
2024-04-30,600036.SH,31.1,31.26,30.78,31.02,31.53,-0.5100000000000016,-1.62,868041.8,2982962.844,,,,,,,20240430.0,20240430
2024-05-06,600036.SH,31.73,31.97,31.39,31.53,31.02,0.5100000000000016,1.64,1000704.94,3501168.456,,,,,,,20240506.0,20240506
2024-05-07,600036.SH,31.53,31.6,31.31,31.53,31.53,0.0,0.0,473848.57,1649813.221,,,,,,,20240507.0,20240507
2024-05-08,600036.SH,31.48,31.61,31.24,31.25,31.53,-0.2800000000000011,-0.89,412861.58,1434042.865,,,,,,,20240508.0,20240508
2024-05-09,600036.SH,31.28,31.58,31.28,31.5,31.25,0.25,0.8,512391.31,1782846.432,,,,,,,20240509.0,20240509
2024-05-10,600036.SH,31.5,32.41,31.46,32.2,31.5,0.7000000000000028,2.22,940365.7,3331360.84,,,,,,,20240510.0,20240510
2024-05-13,600036.SH,32.04,32.61,31.94,32.47,32.2,0.269999999999996,0.84,747800.26,2674602.938,,,,,,,20240513.0,20240513
2024-05-14,600036.SH,32.45,32.67,31.82,31.95,32.47,-0.5199999999999996,-1.6,687778.84,2440460.309,,,,,,,20240514.0,20240514
2024-05-15,600036.SH,31.94,32.04,31.36,31.69,31.95,-0.259999999999998,-0.81,674944.06,2361226.415,,,,,,,20240515.0,20240515
2024-05-16,600036.SH,31.72,32.95,31.64,32.77,31.69,1.0800000000000018,3.41,1291475.53,4659047.071,,,,,,,20240516.0,20240516
2024-05-17,600036.SH,32.82,33.36,32.6,33.32,32.77,0.5499999999999972,1.68,916879.44,3342837.158,,,,,,,20240517.0,20240517
2024-05-20,600036.SH,33.32,33.45,32.63,32.89,33.32,-0.4299999999999997,-1.29,914250.0,3337501.051,,,,,,,20240520.0,20240520
2024-05-21,600036.SH,32.87,33.02,32.67,32.76,32.89,-0.1300000000000025,-0.4,445999.44,1620630.88,,,,,,,20240521.0,20240521
2024-05-22,600036.SH,32.75,32.89,32.33,32.6,32.76,-0.1599999999999966,-0.49,664477.39,2398900.244,,,,,,,20240522.0,20240522
2024-05-23,600036.SH,32.46,32.56,31.93,32.1,32.6,-0.5,-1.53,924584.95,3284073.837,,,,,,,20240523.0,20240523
2024-05-24,600036.SH,31.91,32.08,31.34,31.41,32.1,-0.6900000000000013,-2.15,870440.0,3051224.758,,,,,,,20240524.0,20240524
2024-05-27,600036.SH,31.51,31.83,31.42,31.77,31.41,0.3599999999999994,1.15,570938.14,1997775.669,,,,,,,20240527.0,20240527
2024-05-28,600036.SH,31.73,31.94,31.39,31.49,31.77,-0.2800000000000011,-0.88,476190.58,1660811.058,,,,,,,20240528.0,20240528
2024-05-29,600036.SH,31.42,31.7,31.16,31.25,31.49,-0.2399999999999984,-0.76,491041.18,1703567.318,,,,,,,20240529.0,20240529
2024-05-30,600036.SH,31.15,31.55,30.9,31.05,31.25,-0.1999999999999993,-0.64,559244.84,1928489.154,,,,,,,20240530.0,20240530
2024-05-31,600036.SH,31.22,31.28,30.99,30.99,31.05,-0.0600000000000022,-0.19,508932.48,1752657.846,,,,,,,20240531.0,20240531
2024-06-03,600036.SH,30.94,31.08,30.67,30.88,30.99,-0.1099999999999994,-0.35,608111.35,2071791.245,,,,,,,20240603.0,20240603
2024-06-04,600036.SH,30.88,31.35,30.83,31.23,30.88,0.3500000000000014,1.13,533788.42,1840296.169,,,,,,,20240604.0,20240604
2024-06-05,600036.SH,31.35,31.37,30.64,30.73,31.23,-0.5,-1.6,691041.22,2359792.656,,,,,,,20240605.0,20240605
2024-06-06,600036.SH,30.82,30.92,30.54,30.74,30.73,0.009999999999998,0.03,677240.66,2302856.624,,,,,,,20240606.0,20240606
2024-06-07,600036.SH,30.78,30.97,30.42,30.73,30.74,-0.009999999999998,-0.03,678265.59,2298090.33,,,,,,,20240607.0,20240607
2024-06-11,600036.SH,30.54,30.71,29.94,30.16,30.73,-0.5700000000000003,-1.85,690448.31,2309722.313,,,,,,,20240611.0,20240611
2024-06-12,600036.SH,30.15,30.16,29.79,29.92,30.16,-0.2399999999999984,-0.8,511380.59,1693037.688,,,,,,,20240612.0,20240612
2024-06-13,600036.SH,30.02,30.03,29.58,29.67,29.92,-0.25,-0.84,550184.21,1808251.998,,,,,,,20240613.0,20240613
2024-06-14,600036.SH,29.67,30.76,29.67,30.57,29.67,0.8999999999999986,3.03,991674.29,3324856.785,,,,,,,20240614.0,20240614
2024-06-17,600036.SH,30.38,30.56,30.19,30.5,30.57,-0.0700000000000002,-0.23,457682.48,1539063.152,,,,,,,20240617.0,20240617
2024-06-18,600036.SH,30.61,31.01,30.4,30.48,30.5,-0.0199999999999995,-0.07,453675.39,1538144.777,,,,,,,20240618.0,20240618
2024-06-19,600036.SH,30.48,31.1,30.43,30.88,30.48,0.3999999999999986,1.31,585937.22,1997678.159,,,,,,,20240619.0,20240619
2024-06-20,600036.SH,30.88,30.95,30.65,30.75,30.88,-0.129999999999999,-0.42,392466.67,1336247.232,,,,,,,20240620.0,20240620
2024-06-21,600036.SH,30.63,30.81,30.28,30.47,30.75,-0.2800000000000011,-0.91,523962.8,1765822.362,,,,,,,20240621.0,20240621
2024-06-24,600036.SH,30.55,30.94,30.28,30.8,30.47,0.3300000000000018,1.08,692589.54,2350203.464,,,,,,,20240624.0,20240624
2024-06-25,600036.SH,30.8,31.17,30.71,31.01,30.8,0.2100000000000008,0.68,638160.2,2187945.494,,,,,,,20240625.0,20240625
2024-06-26,600036.SH,30.9,31.06,30.69,30.79,31.01,-0.2200000000000024,-0.71,452638.01,1545807.548,,,,,,,20240626.0,20240626
2024-06-27,600036.SH,30.7,31.05,30.59,30.97,30.79,0.1799999999999997,0.58,555172.6,1894891.373,,,,,,,20240627.0,20240627
2024-06-28,600036.SH,30.92,31.17,30.78,30.91,30.97,-0.0599999999999987,-0.19,525749.4,1799951.939,,,,,,,20240628.0,20240628
2024-07-01,600036.SH,30.91,31.1,30.69,31.06,30.91,0.1499999999999985,0.49,472238.65,1616131.283,,,,,,,20240701.0,20240701
2024-07-02,600036.SH,31.08,31.87,31.06,31.72,31.06,0.6600000000000001,2.12,868770.71,3041833.255,,,,,,,20240702.0,20240702
2024-07-03,600036.SH,31.65,31.72,31.02,31.16,31.72,-0.5599999999999987,-1.77,691372.7,2388331.234,,,,,,,20240703.0,20240703
2024-07-04,600036.SH,31.23,31.68,31.17,31.38,31.16,0.2199999999999988,0.71,696918.92,2424281.266,,,,,,,20240704.0,20240704
2024-07-05,600036.SH,31.38,31.49,30.43,30.63,31.38,-0.75,-2.39,967782.76,3295568.199,,,,,,,20240705.0,20240705
2024-07-08,600036.SH,30.6,30.95,30.48,30.73,30.63,0.1000000000000014,0.33,545730.02,1855611.836,,,,,,,20240708.0,20240708
2024-07-09,600036.SH,30.73,31.24,30.49,31.16,30.73,0.4299999999999997,1.4,621037.01,2124005.154,,,,,,,20240709.0,20240709
2024-07-10,600036.SH,31.16,31.64,31.15,31.35,31.16,0.1900000000000012,0.61,726314.24,2524474.646,,,,,,,20240710.0,20240710
2024-07-11,600036.SH,31.71,31.76,31.43,31.54,31.35,0.1899999999999977,0.61,732388.96,2411951.386,,,,,,,20240711.0,20240711
2024-07-12,600036.SH,31.64,32.67,31.64,32.59,31.54,1.0500000000000045,3.33,944904.25,3199683.547,,,,,,,20240712.0,20240712
2024-07-15,600036.SH,32.59,32.64,32.32,32.38,32.59,-0.2100000000000008,-0.64,474603.66,1605883.747,,,,,,,20240715.0,20240715
2024-07-16,600036.SH,32.36,32.49,32.07,32.39,32.38,0.009999999999998,0.03,455792.55,1535668.998,,,,,,,20240716.0,20240716
2024-07-17,600036.SH,32.3,32.77,32.26,32.66,32.39,0.269999999999996,0.83,577954.22,1964635.267,,,,,,,20240717.0,20240717
2024-07-18,600036.SH,32.66,32.83,32.36,32.68,32.66,0.0200000000000031,0.06,598627.17,2036474.28,,,,,,,20240718.0,20240718
2024-07-19,600036.SH,32.59,32.88,32.2,32.83,32.68,0.1499999999999985,0.46,810072.18,2749172.01,,,,,,,20240719.0,20240719
2024-07-22,600036.SH,32.75,32.75,31.72,31.96,32.83,-0.8699999999999974,-2.65,808205.77,2694241.975,,,,,,,20240722.0,20240722
2024-07-23,600036.SH,31.96,32.31,31.85,31.96,31.96,0.0,0.0,538754.68,1803269.6,,,,,,,20240723.0,20240723
2024-07-24,600036.SH,32.06,32.19,31.66,31.8,31.96,-0.1600000000000001,-0.5,482452.94,1604648.703,,,,,,,20240724.0,20240724
2024-07-25,600036.SH,31.84,31.94,31.03,31.47,31.8,-0.3300000000000018,-1.04,762078.54,2496804.673,,,,,,,20240725.0,20240725
2024-07-26,600036.SH,31.44,31.67,30.78,31.03,31.47,-0.4399999999999977,-1.4,601461.67,1952156.132,,,,,,,20240726.0,20240726
2024-07-29,600036.SH,31.04,31.3,30.87,31.1,31.03,0.0700000000000002,0.23,413475.33,1343740.115,,,,,,,20240729.0,20240729
2024-07-30,600036.SH,31.06,31.24,30.82,31.08,31.1,-0.0200000000000031,-0.06,390781.61,1264925.929,,,,,,,20240730.0,20240730
2024-07-31,600036.SH,31.08,31.63,30.91,31.37,31.08,0.2900000000000027,0.93,595369.65,1948675.368,,,,,,,20240731.0,20240731
2024-08-01,600036.SH,31.37,31.49,30.93,31.35,31.37,-0.0199999999999995,-0.06,409138.81,1332771.463,,,,,,,20240801.0,20240801
2024-08-02,600036.SH,31.08,31.25,30.89,30.94,31.35,-0.4100000000000001,-1.31,386130.24,1250037.017,,,,,,,20240802.0,20240802
2024-08-05,600036.SH,30.87,31.17,30.72,30.77,30.94,-0.1700000000000017,-0.55,584419.84,1884940.815,,,,,,,20240805.0,20240805
2024-08-06,600036.SH,31.02,31.05,30.2,30.39,30.77,-0.379999999999999,-1.23,514388.64,1637765.272,,,,,,,20240806.0,20240806
2024-08-07,600036.SH,30.41,30.58,30.24,30.27,30.39,-0.120000000000001,-0.39,390731.73,1238023.516,,,,,,,20240807.0,20240807
2024-08-08,600036.SH,30.3,30.65,30.08,30.61,30.27,0.3399999999999998,1.12,394599.78,1252394.782,,,,,,,20240808.0,20240808
2024-08-09,600036.SH,30.64,31.23,30.49,30.99,30.61,0.379999999999999,1.24,482748.47,1561254.687,,,,,,,20240809.0,20240809
2024-08-12,600036.SH,30.96,31.0,30.61,30.79,30.99,-0.1999999999999993,-0.65,318943.21,1023447.632,,,,,,,20240812.0,20240812
2024-08-13,600036.SH,30.77,30.89,30.44,30.62,30.79,-0.1699999999999981,-0.55,282377.69,902009.896,,,,,,,20240813.0,20240813
2024-08-14,600036.SH,30.58,30.81,30.49,30.54,30.62,-0.0800000000000018,-0.26,282446.1,901196.911,,,,,,,20240814.0,20240814
2024-08-15,600036.SH,30.53,31.56,30.34,31.4,30.54,0.8599999999999994,2.82,739789.83,2409557.383,,,,,,,20240815.0,20240815
2024-08-16,600036.SH,31.39,31.87,31.36,31.78,31.4,0.3800000000000025,1.21,418503.02,1383877.362,,,,,,,20240816.0,20240816
2024-08-19,600036.SH,31.87,32.11,31.66,32.03,31.78,0.25,0.79,422843.42,1409948.503,,,,,,,20240819.0,20240819
2024-08-20,600036.SH,32.06,32.21,31.79,32.09,32.03,0.0600000000000022,0.19,423728.73,1415473.211,,,,,,,20240820.0,20240820
2024-08-21,600036.SH,31.92,32.04,31.46,31.86,32.09,-0.2300000000000039,-0.72,378101.05,1254587.421,,,,,,,20240821.0,20240821
2024-08-22,600036.SH,31.9,32.16,31.8,31.92,31.86,0.0600000000000022,0.19,382863.99,1276718.683,,,,,,,20240822.0,20240822
2024-08-23,600036.SH,31.89,32.45,31.7,32.3,31.92,0.3799999999999954,1.19,465587.26,1561509.818,,,,,,,20240823.0,20240823
2024-08-26,600036.SH,32.3,32.44,32.08,32.37,32.3,0.0700000000000002,0.22,351174.6,1182990.04,,,,,,,20240826.0,20240826
2024-08-27,600036.SH,32.37,32.53,32.14,32.3,32.37,-0.0700000000000002,-0.22,387208.57,1308314.397,,,,,,,20240827.0,20240827
2024-08-28,600036.SH,32.43,32.57,32.05,32.28,32.3,-0.019999999999996,-0.06,415232.08,1398682.394,,,,,,,20240828.0,20240828
2024-08-29,600036.SH,32.2,32.37,31.54,31.56,32.28,-0.7200000000000024,-2.23,516387.82,1712021.359,,,,,,,20240829.0,20240829
2024-08-30,600036.SH,31.44,31.74,30.79,30.82,31.56,-0.7399999999999984,-2.34,1112229.83,3618077.5,,,,,,,20240830.0,20240830
2024-09-02,600036.SH,30.67,31.04,30.52,30.61,30.82,-0.2100000000000008,-0.68,558020.65,1787602.792,,,,,,,20240902.0,20240902
2024-09-03,600036.SH,30.68,30.75,30.1,30.31,30.61,-0.3000000000000007,-0.98,505751.88,1596269.78,,,,,,,20240903.0,20240903
2024-09-04,600036.SH,30.22,30.61,30.05,30.06,30.31,-0.25,-0.82,380525.9,1198859.446,,,,,,,20240904.0,20240904
2024-09-05,600036.SH,30.06,30.14,29.62,29.91,30.06,-0.1499999999999985,-0.5,542063.45,1687017.96,,,,,,,20240905.0,20240905
2024-09-06,600036.SH,29.95,30.42,29.91,29.95,29.91,0.0399999999999991,0.13,383182.14,1206615.762,,,,,,,20240906.0,20240906
2024-09-09,600036.SH,29.7,29.71,28.79,28.99,29.95,-0.9600000000000009,-3.21,871073.47,2641195.521,,,,,,,20240909.0,20240909
2024-09-10,600036.SH,29.0,29.17,28.7,28.94,28.99,-0.0499999999999971,-0.17,476023.57,1435849.555,,,,,,,20240910.0,20240910
2024-09-11,600036.SH,28.89,28.95,28.69,28.83,28.94,-0.1100000000000029,-0.38,415793.76,1249059.023,,,,,,,20240911.0,20240911
2024-09-12,600036.SH,28.85,29.24,28.7,28.98,28.83,0.1500000000000021,0.52,410266.97,1242374.645,,,,,,,20240912.0,20240912
2024-09-13,600036.SH,29.02,29.62,28.76,29.33,28.98,0.3499999999999978,1.21,495974.43,1520857.906,,,,,,,20240913.0,20240913
2024-09-18,600036.SH,29.34,29.91,29.34,29.82,29.33,0.490000000000002,1.67,418540.27,1295345.114,,,,,,,20240918.0,20240918
2024-09-19,600036.SH,29.91,29.94,29.36,29.54,29.82,-0.2800000000000011,-0.94,451191.26,1393040.942,,,,,,,20240919.0,20240919
2024-09-20,600036.SH,29.54,29.82,29.39,29.66,29.54,0.120000000000001,0.41,487417.55,1505998.312,,,,,,,20240920.0,20240920
2024-09-23,600036.SH,29.57,30.18,29.56,30.09,29.66,0.4299999999999997,1.45,344608.72,1076332.365,,,,,,,20240923.0,20240923
2024-09-24,600036.SH,30.37,31.77,30.36,31.76,30.09,1.6700000000000017,5.55,1361218.0,4427310.186,,,,,,,20240924.0,20240924
2024-09-25,600036.SH,32.45,33.06,32.3,32.73,31.76,0.9699999999999952,3.05,1856242.79,6327661.421,,,,,,,20240925.0,20240925
2024-09-26,600036.SH,32.74,33.91,32.5,33.91,32.73,1.1799999999999995,3.61,1745329.99,6068657.572,,,,,,,20240926.0,20240926
2024-09-27,600036.SH,34.61,34.99,33.46,34.15,33.91,0.240000000000002,0.71,745457.82,2653812.67,,,,,,,20240927.0,20240927
2024-09-30,600036.SH,34.84,36.42,34.43,36.05,34.15,1.8999999999999984,5.56,2561012.6,9443438.268,,,,,,,20240930.0,20240930
2024-10-08,600036.SH,39.66,39.66,37.21,38.34,36.05,2.2900000000000063,6.35,2973038.68,11999361.938,,,,,,,20241008.0,20241008
2024-10-09,600036.SH,38.05,38.07,35.48,35.48,38.34,-2.8600000000000065,-7.46,1855932.1,7113813.985,,,,,,,20241009.0,20241009
2024-10-10,600036.SH,35.85,37.86,35.85,37.12,35.48,1.6400000000000006,4.62,1433298.41,5528664.144,,,,,,,20241010.0,20241010
2024-10-11,600036.SH,37.12,37.59,36.45,36.84,37.12,-0.279999999999994,-0.75,903475.8,3498241.86,,,,,,,20241011.0,20241011
2024-10-14,600036.SH,37.39,38.15,37.09,37.7,36.84,0.8599999999999994,2.33,1292938.39,5076841.42,,,,,,,20241014.0,20241014
2024-10-15,600036.SH,37.55,38.33,36.9,36.9,37.7,-0.8000000000000043,-2.12,955976.53,3755705.942,,,,,,,20241015.0,20241015
2024-10-16,600036.SH,36.57,37.86,36.55,37.86,36.9,0.9600000000000009,2.6,1012548.15,3963555.265,,,,,,,20241016.0,20241016
2024-10-17,600036.SH,37.89,38.14,36.89,36.89,37.86,-0.9699999999999988,-2.56,848922.28,3315820.471,,,,,,,20241017.0,20241017
2024-10-18,600036.SH,36.91,37.8,36.63,37.43,36.89,0.5399999999999991,1.46,928194.33,3603949.498,,,,,,,20241018.0,20241018
2024-10-21,600036.SH,37.53,37.53,36.9,37.24,37.43,-0.1899999999999977,-0.51,717539.46,2780905.731,,,,,,,20241021.0,20241021
2024-10-22,600036.SH,37.23,37.96,37.14,37.55,37.24,0.3099999999999951,0.83,600526.1,2352800.199,,,,,,,20241022.0,20241022
2024-10-23,600036.SH,37.44,38.28,37.4,38.02,37.55,0.4700000000000059,1.25,627099.68,2482861.345,,,,,,,20241023.0,20241023
2024-10-24,600036.SH,37.91,38.04,37.52,37.68,38.02,-0.3400000000000034,-0.89,336312.2,1323826.643,,,,,,,20241024.0,20241024
2024-10-25,600036.SH,37.62,37.85,37.44,37.48,37.68,-0.2000000000000028,-0.53,447931.19,1756222.719,,,,,,,20241025.0,20241025
2024-10-28,600036.SH,37.39,37.48,36.69,36.92,37.48,-0.5599999999999952,-1.49,664640.94,2559210.507,,,,,,,20241028.0,20241028
2024-10-29,600036.SH,37.0,37.48,36.82,37.0,36.92,0.0799999999999983,0.22,514681.61,1990283.154,,,,,,,20241029.0,20241029
2024-10-30,600036.SH,36.91,37.29,36.05,36.31,37.0,-0.6899999999999977,-1.86,703408.28,2680423.056,,,,,,,20241030.0,20241030
2024-10-31,600036.SH,36.23,36.42,35.38,35.81,36.31,-0.5,-1.38,850392.51,3173924.099,,,,,,,20241031.0,20241031
2024-11-01,600036.SH,35.89,36.71,35.83,36.43,35.81,0.6199999999999974,1.73,703102.11,2671523.515,,,,,,,20241101.0,20241101
2024-11-04,600036.SH,36.52,37.14,35.86,37.14,36.43,0.7100000000000009,1.95,646612.09,2466019.719,,,,,,,20241104.0,20241104
2024-11-05,600036.SH,36.84,37.48,36.81,37.46,37.14,0.3200000000000003,0.86,628744.76,2445317.943,,,,,,,20241105.0,20241105
2024-11-06,600036.SH,37.38,37.46,36.57,36.96,37.46,-0.5,-1.33,648336.29,2501077.845,,,,,,,20241106.0,20241106
2024-11-07,600036.SH,36.83,37.94,36.79,37.93,36.96,0.9699999999999988,2.62,743472.18,2904874.006,,,,,,,20241107.0,20241107
2024-11-08,600036.SH,38.04,38.2,37.14,37.19,37.93,-0.740000000000002,-1.95,745368.46,2920926.027,,,,,,,20241108.0,20241108
2024-11-11,600036.SH,36.71,37.1,36.32,36.74,37.19,-0.4499999999999957,-1.21,703145.55,2682610.299,,,,,,,20241111.0,20241111
2024-11-12,600036.SH,36.61,37.23,35.96,36.03,36.74,-0.7100000000000009,-1.93,893289.28,3399364.219,,,,,,,20241112.0,20241112
2024-11-13,600036.SH,36.03,36.41,35.96,36.25,36.03,0.2199999999999988,0.61,485304.4,1833809.094,,,,,,,20241113.0,20241113
2024-11-14,600036.SH,36.1,36.88,35.97,36.48,36.25,0.2299999999999968,0.63,676440.3,2585688.546,,,,,,,20241114.0,20241114
2024-11-15,600036.SH,36.5,36.97,36.24,36.25,36.48,-0.2299999999999968,-0.63,699276.88,2671344.642,,,,,,,20241115.0,20241115
2024-11-18,600036.SH,36.47,37.06,36.23,36.33,36.25,0.0799999999999983,0.22,763448.07,2918992.44,,,,,,,20241118.0,20241118
2024-11-19,600036.SH,36.34,36.6,35.9,36.16,36.33,-0.1700000000000017,-0.47,521248.55,1967719.175,,,,,,,20241119.0,20241119
2024-11-20,600036.SH,36.23,36.28,35.85,35.93,36.16,-0.2299999999999968,-0.64,451291.26,1693331.536,,,,,,,20241120.0,20241120
2024-11-21,600036.SH,35.93,36.1,35.72,35.88,35.93,-0.0499999999999971,-0.14,350336.14,1309684.433,,,,,,,20241121.0,20241121
2024-11-22,600036.SH,35.88,35.99,34.85,34.94,35.88,-0.9400000000000048,-2.62,690490.9,2544524.441,,,,,,,20241122.0,20241122
2024-11-25,600036.SH,35.18,35.33,34.62,34.72,34.94,-0.2199999999999988,-0.63,534094.73,1945383.41,,,,,,,20241125.0,20241125
2024-11-26,600036.SH,34.54,35.06,34.35,34.88,34.72,0.1600000000000037,0.46,459421.21,1666651.768,,,,,,,20241126.0,20241126
2024-11-27,600036.SH,34.88,35.16,34.61,35.08,34.88,0.1999999999999957,0.57,392076.88,1429782.933,,,,,,,20241127.0,20241127
2024-11-28,600036.SH,35.08,35.32,34.68,34.96,35.08,-0.1199999999999974,-0.34,451939.1,1647865.702,,,,,,,20241128.0,20241128
2024-11-29,600036.SH,35.07,35.47,34.8,34.83,34.96,-0.1300000000000025,-0.37,664379.99,2437776.752,,,,,,,20241129.0,20241129
2024-12-02,600036.SH,34.94,35.16,34.7,35.0,34.83,0.1700000000000017,0.49,424652.09,1548959.36,,,,,,,20241202.0,20241202
2024-12-03,600036.SH,35.13,35.68,34.87,35.58,35.0,0.5799999999999983,1.66,721986.09,2658919.819,,,,,,,20241203.0,20241203
2024-12-04,600036.SH,35.55,35.55,35.02,35.28,35.58,-0.2999999999999971,-0.84,620511.24,2285383.469,,,,,,,20241204.0,20241204
2024-12-05,600036.SH,35.14,35.81,35.09,35.38,35.28,0.1000000000000014,0.28,568949.34,2108115.265,,,,,,,20241205.0,20241205
2024-12-06,600036.SH,35.48,36.25,35.48,36.14,35.38,0.759999999999998,2.15,877235.87,3296793.042,,,,,,,20241206.0,20241206
2024-12-09,600036.SH,36.03,36.42,35.8,36.14,36.14,0.0,0.0,492995.35,1859542.283,,,,,,,20241209.0,20241209
2024-12-10,600036.SH,37.19,37.37,36.81,37.0,36.14,0.8599999999999994,2.38,1038953.19,4022695.501,,,,,,,20241210.0,20241210
2024-12-11,600036.SH,36.94,37.18,36.65,36.71,37.0,-0.2899999999999991,-0.78,517709.36,1988895.959,,,,,,,20241211.0,20241211
2024-12-12,600036.SH,36.7,37.22,36.63,37.19,36.71,0.4799999999999969,1.31,586888.76,2267252.621,,,,,,,20241212.0,20241212
2024-12-13,600036.SH,36.86,37.0,35.73,35.75,37.19,-1.4399999999999975,-3.87,1117982.8,4213094.969,,,,,,,20241213.0,20241213
2024-12-16,600036.SH,35.8,36.21,35.77,36.18,35.75,0.4299999999999997,1.2,640315.89,2409086.954,,,,,,,20241216.0,20241216
2024-12-17,600036.SH,35.98,36.58,35.98,36.28,36.18,0.1000000000000014,0.28,603104.08,2287237.539,,,,,,,20241217.0,20241217
2024-12-18,600036.SH,36.44,37.06,36.29,36.92,36.28,0.6400000000000006,1.76,805855.36,3101731.956,,,,,,,20241218.0,20241218
2024-12-19,600036.SH,36.79,36.93,36.42,36.44,36.92,-0.480000000000004,-1.3,611195.82,2336249.857,,,,,,,20241219.0,20241219
2024-12-20,600036.SH,36.47,36.69,36.29,36.34,36.44,-0.0999999999999943,-0.27,542150.38,2060744.582,,,,,,,20241220.0,20241220
2024-12-23,600036.SH,36.42,37.1,36.41,36.76,36.34,0.4199999999999946,1.16,902691.56,3473126.152,,,,,,,20241223.0,20241223
2024-12-24,600036.SH,36.76,37.66,36.73,37.59,36.76,0.8300000000000054,2.26,993428.46,3875223.368,,,,,,,20241224.0,20241224
2024-12-25,600036.SH,37.6,37.92,37.37,37.77,37.59,0.1799999999999997,0.48,755913.07,2972981.821,,,,,,,20241225.0,20241225
2024-12-26,600036.SH,37.77,37.9,37.39,37.84,37.77,0.0700000000000002,0.19,539251.94,2125139.425,,,,,,,20241226.0,20241226
2024-12-27,600036.SH,37.84,38.0,37.17,37.71,37.84,-0.1300000000000025,-0.34,700319.55,2742768.758,,,,,,,20241227.0,20241227
2024-12-30,600036.SH,37.71,38.15,37.62,37.98,37.71,0.269999999999996,0.72,678845.33,2690314.729,,,,,,,20241230.0,20241230
2024-12-31,600036.SH,37.92,38.25,37.67,37.67,37.98,-0.3099999999999951,-0.82,643716.99,2549055.494,,,,,,,20241231.0,20241231
2025-01-02,600036.SH,37.72,37.86,36.75,36.91,37.67,-0.7600000000000051,-2.02,642000.7,2493694.677,,,,,,,20250102.0,20250102
2025-01-03,600036.SH,37.0,37.42,36.94,37.06,36.91,0.1500000000000056,0.41,682583.06,2646967.329,,,,,,,20250103.0,20250103
2025-01-06,600036.SH,37.29,37.48,36.55,37.43,37.06,0.3699999999999974,1.0,617158.63,2394244.404,,,,,,,20250106.0,20250106
2025-01-07,600036.SH,37.35,37.53,37.01,37.29,37.43,-0.1400000000000005,-0.37,492752.05,1917344.814,,,,,,,20250107.0,20250107
2025-01-08,600036.SH,37.22,37.91,37.21,37.65,37.29,0.3599999999999994,0.97,751481.02,2952943.868,,,,,,,20250108.0,20250108
2025-01-09,600036.SH,37.77,37.8,37.22,37.38,37.65,-0.269999999999996,-0.72,447083.35,1748399.288,,,,,,,20250109.0,20250109
2025-01-10,600036.SH,37.71,37.81,37.2,37.36,37.38,-0.0200000000000031,-0.05,481424.8,1881660.497,,,,,,,20250110.0,20250110
2025-01-13,600036.SH,37.32,37.53,36.94,37.45,37.36,0.0900000000000034,0.24,606322.74,2360608.444,,,,,,,20250113.0,20250113
2025-01-14,600036.SH,37.47,38.31,37.29,38.2,37.45,0.75,2.0,708011.88,2802857.578,,,,,,,20250114.0,20250114
2025-01-15,600036.SH,38.33,39.3,38.24,38.96,38.2,0.759999999999998,1.99,796700.88,3234242.853,,,,,,,20250115.0,20250115
2025-01-16,600036.SH,38.96,39.44,38.85,39.29,38.96,0.3299999999999983,0.85,592593.86,2423118.469,,,,,,,20250116.0,20250116
2025-01-17,600036.SH,39.26,39.45,38.47,39.02,39.29,-0.269999999999996,-0.69,475900.5,1936832.044,,,,,,,20250117.0,20250117
2025-01-20,600036.SH,39.28,39.37,38.45,38.46,39.02,-0.5600000000000023,-1.44,542574.82,2195966.48,,,,,,,20250120.0,20250120
2025-01-21,600036.SH,38.65,38.83,38.35,38.48,38.46,0.019999999999996,0.05,400685.06,1613495.367,,,,,,,20250121.0,20250121
2025-01-22,600036.SH,38.48,38.5,37.69,37.81,38.48,-0.6699999999999946,-1.74,588912.22,2327377.021,,,,,,,20250122.0,20250122
2025-01-23,600036.SH,38.03,38.56,37.88,38.18,37.81,0.3699999999999974,0.98,606618.1,2417576.583,,,,,,,20250123.0,20250123
2025-01-24,600036.SH,38.02,38.87,37.82,38.59,38.18,0.4100000000000037,1.07,574652.34,2312073.726,,,,,,,20250124.0,20250124
2025-01-27,600036.SH,38.9,39.27,38.87,38.96,38.59,0.3699999999999974,0.96,526060.47,2144848.681,,,,,,,20250127.0,20250127
2025-02-05,600036.SH,39.16,39.2,38.25,38.34,38.96,-0.6199999999999974,-1.59,504788.89,2030411.802,,,,,,,20250205.0,20250205
2025-02-06,600036.SH,38.34,38.71,38.08,38.53,38.34,0.1899999999999977,0.5,466088.42,1866867.478,,,,,,,20250206.0,20250206
2025-02-07,600036.SH,38.44,38.73,38.3,38.53,38.53,0.0,0.0,521066.18,2092855.37,,,,,,,20250207.0,20250207
2025-02-10,600036.SH,38.53,39.22,38.3,38.92,38.53,0.3900000000000005,1.01,581805.95,2357786.974,,,,,,,20250210.0,20250210
2025-02-11,600036.SH,39.06,39.34,38.96,39.28,38.92,0.3599999999999994,0.92,457771.19,1872296.623,,,,,,,20250211.0,20250211
2025-02-12,600036.SH,39.26,39.93,38.88,39.89,39.28,0.6099999999999994,1.55,603591.49,2484722.115,,,,,,,20250212.0,20250212
2025-02-13,600036.SH,39.92,40.21,39.63,39.98,39.89,0.0899999999999963,0.23,462206.98,1927409.816,,,,,,,20250213.0,20250213
2025-02-14,600036.SH,39.96,40.29,39.8,40.29,39.98,0.3100000000000023,0.78,498736.9,2086301.72,,,,,,,20250214.0,20250214
2025-02-17,600036.SH,40.25,40.25,39.65,39.99,40.29,-0.2999999999999971,-0.74,536125.61,2228540.282,,,,,,,20250217.0,20250217
2025-02-18,600036.SH,39.79,40.72,39.79,40.31,39.99,0.3200000000000003,0.8,546665.39,2301403.254,,,,,,,20250218.0,20250218
2025-02-19,600036.SH,40.26,40.4,40.03,40.24,40.31,-0.0700000000000002,-0.17,374702.23,1572476.676,,,,,,,20250219.0,20250219
2025-02-20,600036.SH,40.26,40.35,39.95,40.12,40.24,-0.1200000000000045,-0.3,407675.08,1705724.684,,,,,,,20250220.0,20250220
2025-02-21,600036.SH,40.22,40.25,39.51,39.68,40.12,-0.4399999999999977,-1.1,595255.79,2467492.898,,,,,,,20250221.0,20250221
2025-02-24,600036.SH,39.67,40.02,39.4,39.56,39.68,-0.1199999999999974,-0.3,571107.09,2361716.151,,,,,,,20250224.0,20250224
2025-02-25,600036.SH,39.44,39.72,39.21,39.33,39.56,-0.2300000000000039,-0.58,507321.2,2088784.244,,,,,,,20250225.0,20250225
2025-02-26,600036.SH,39.42,39.97,39.35,39.76,39.33,0.4299999999999997,1.09,476446.61,1974231.834,,,,,,,20250226.0,20250226
2025-02-27,600036.SH,39.88,40.64,39.57,40.62,39.76,0.8599999999999994,2.16,622596.57,2611617.503,,,,,,,20250227.0,20250227
2025-02-28,600036.SH,40.62,40.89,40.31,40.31,40.62,-0.3099999999999951,-0.76,705423.65,2985755.469,,,,,,,20250228.0,20250228
2025-03-03,600036.SH,40.37,40.85,40.21,40.31,40.31,0.0,0.0,470149.02,1983165.73,,,,,,,20250303.0,20250303
2025-03-04,600036.SH,40.17,40.35,40.04,40.07,40.31,-0.240000000000002,-0.6,317245.42,1329037.847,,,,,,,20250304.0,20250304
2025-03-05,600036.SH,40.22,41.13,40.02,41.11,40.07,1.0399999999999991,2.6,632037.43,2689749.944,,,,,,,20250305.0,20250305
2025-03-06,600036.SH,41.11,41.31,40.69,41.18,41.11,0.0700000000000002,0.17,572053.04,2450800.591,,,,,,,20250306.0,20250306
2025-03-07,600036.SH,41.12,41.98,41.07,41.76,41.18,0.5799999999999983,1.41,605413.19,2626484.644,,,,,,,20250307.0,20250307
2025-03-10,600036.SH,41.69,41.77,41.04,41.28,41.76,-0.4799999999999969,-1.15,508749.71,2191791.878,,,,,,,20250310.0,20250310
2025-03-11,600036.SH,41.0,41.83,40.94,41.71,41.28,0.4299999999999997,1.04,565741.09,2447134.269,,,,,,,20250311.0,20250311
2025-03-12,600036.SH,41.7,42.04,41.46,41.74,41.71,0.0300000000000011,0.07,418258.36,1822497.448,,,,,,,20250312.0,20250312
2025-03-13,600036.SH,41.79,42.54,41.7,42.02,41.74,0.2800000000000011,0.67,585539.28,2575079.64,,,,,,,20250313.0,20250313
2025-03-14,600036.SH,42.18,43.59,42.12,43.29,42.02,1.269999999999996,3.02,911275.35,4095818.343,,,,,,,20250314.0,20250314
2025-03-17,600036.SH,43.44,43.61,43.12,43.17,43.29,-0.1199999999999974,-0.28,654209.73,2957486.225,,,,,,,20250317.0,20250317
2025-03-18,600036.SH,43.41,43.5,42.96,43.27,43.17,0.1000000000000014,0.23,428220.01,1933102.848,,,,,,,20250318.0,20250318
2025-03-19,600036.SH,43.4,44.19,43.23,44.11,43.27,0.8399999999999963,1.94,670705.94,3061182.015,,,,,,,20250319.0,20250319
2025-03-20,600036.SH,44.02,44.02,42.92,43.36,44.11,-0.75,-1.7,678656.03,3067327.047,,,,,,,20250320.0,20250320
2025-03-21,600036.SH,43.25,43.46,42.67,42.85,43.36,-0.509999999999998,-1.18,675411.7,3030118.215,,,,,,,20250321.0,20250321
2025-03-24,600036.SH,42.7,43.32,42.7,43.18,42.85,0.3299999999999983,0.77,449576.19,2018232.266,,,,,,,20250324.0,20250324
2025-03-25,600036.SH,43.13,43.61,43.09,43.22,43.18,0.0399999999999991,0.09,356871.55,1610425.397,,,,,,,20250325.0,20250325
2025-03-26,600036.SH,42.66,42.74,40.84,40.89,43.22,-2.3299999999999983,-5.39,1578326.32,6817699.594,,,,,,,20250326.0,20250326
2025-03-27,600036.SH,40.98,41.93,40.97,41.47,40.89,0.5799999999999983,1.42,827950.81,3583722.318,,,,,,,20250327.0,20250327
2025-03-28,600036.SH,41.5,41.65,41.27,41.43,41.47,-0.0399999999999991,-0.1,386184.09,1671063.294,,,,,,,20250328.0,20250328
2025-03-31,600036.SH,41.42,41.97,40.84,41.5,41.43,0.0700000000000002,0.17,539568.88,2334387.177,,,,,,,20250331.0,20250331
2025-04-01,600036.SH,41.49,41.5,40.98,41.09,41.5,-0.4099999999999966,-0.99,389360.35,1671945.743,,,,,,,20250401.0,20250401
2025-04-02,600036.SH,41.09,41.36,40.91,40.96,41.09,-0.1300000000000025,-0.32,331201.89,1420244.308,,,,,,,20250402.0,20250402
2025-04-03,600036.SH,40.28,41.07,40.28,40.88,40.96,-0.0799999999999983,-0.2,464165.5,1977833.089,,,,,,,20250403.0,20250403
2025-04-07,600036.SH,39.24,40.26,37.76,39.14,40.88,-1.740000000000002,-4.26,1815632.92,7360169.684,,,,,,,20250407.0,20250407
2025-04-08,600036.SH,39.09,39.49,38.76,39.44,39.14,0.2999999999999971,0.77,1610477.36,6562173.34,,,,,,,20250408.0,20250408
2025-04-09,600036.SH,38.92,39.32,38.63,38.78,39.44,-0.6599999999999966,-1.67,973969.35,3956703.949,,,,,,,20250409.0,20250409
2025-04-10,600036.SH,39.29,39.73,38.87,39.4,38.78,0.6199999999999974,1.6,743788.75,3057795.208,,,,,,,20250410.0,20250410
2025-04-11,600036.SH,39.41,39.96,39.12,39.79,39.4,0.3900000000000005,0.99,583056.91,2404586.566,,,,,,,20250411.0,20250411
2025-04-14,600036.SH,39.95,40.17,39.69,39.76,39.79,-0.0300000000000011,-0.08,482159.84,2006762.053,,,,,,,20250414.0,20250414
2025-04-15,600036.SH,39.77,40.54,39.73,40.35,39.76,0.5900000000000034,1.48,614563.86,2578602.435,,,,,,,20250415.0,20250415
2025-04-16,600036.SH,40.24,40.81,40.09,40.5,40.35,0.1499999999999985,0.37,576293.58,2425842.589,,,,,,,20250416.0,20250416
2025-04-17,600036.SH,40.37,40.6,40.12,40.37,40.5,-0.1300000000000025,-0.32,405792.88,1711632.454,,,,,,,20250417.0,20250417
2025-04-18,600036.SH,40.38,41.02,40.31,40.98,40.37,0.6099999999999994,1.51,435001.28,1849158.562,,,,,,,20250418.0,20250418
2025-04-21,600036.SH,40.89,41.29,40.53,40.53,40.98,-0.4499999999999957,-1.1,416465.85,1774479.138,,,,,,,20250421.0,20250421
2025-04-22,600036.SH,40.56,40.78,40.27,40.27,40.53,-0.259999999999998,-0.64,433788.13,1831804.304,,,,,,,20250422.0,20250422
2025-04-23,600036.SH,40.55,40.55,40.04,40.25,40.27,-0.0200000000000031,-0.05,467743.59,1965588.261,,,,,,,20250423.0,20250423
2025-04-24,600036.SH,40.26,40.62,40.21,40.46,40.25,0.2100000000000008,0.52,413651.85,1747384.624,,,,,,,20250424.0,20250424
2025-04-25,600036.SH,40.54,40.79,40.3,40.34,40.46,-0.1199999999999974,-0.3,424349.93,1792844.933,,,,,,,20250425.0,20250425
2025-04-28,600036.SH,40.4,40.8,40.29,40.59,40.34,0.25,0.62,386973.17,1639160.75,,,,,,,20250428.0,20250428
2025-04-29,600036.SH,40.59,40.88,40.26,40.26,40.59,-0.3300000000000054,-0.81,457698.53,1933096.299,,,,,,,20250429.0,20250429
2025-04-30,600036.SH,39.91,39.91,38.83,39.05,40.26,-1.2100000000000009,-3.01,1172682.1,4782474.914,,,,,,,20250430.0,20250430
2025-05-06,600036.SH,39.2,39.69,38.83,39.66,39.05,0.6099999999999994,1.56,666409.99,2734586.584,,,,,,,20250506.0,20250506
2025-05-07,600036.SH,40.06,40.48,39.6,40.28,39.66,0.6200000000000045,1.56,712913.88,2985699.306,,,,,,,20250507.0,20250507
2025-05-08,600036.SH,40.27,41.62,40.26,41.03,40.28,0.75,1.86,833809.64,3581050.505,,,,,,,20250508.0,20250508
2025-05-09,600036.SH,41.03,41.79,41.03,41.68,41.03,0.6499999999999986,1.58,668154.72,2897563.045,,,,,,,20250509.0,20250509
2025-05-12,600036.SH,41.65,42.56,41.32,41.98,41.68,0.2999999999999971,0.72,848974.09,3724155.034,,,,,,,20250512.0,20250512
2025-05-13,600036.SH,42.26,42.8,42.03,42.71,41.98,0.730000000000004,1.74,699124.17,3099990.42,,,,,,,20250513.0,20250513
2025-05-14,600036.SH,42.7,43.42,42.48,42.95,42.71,0.240000000000002,0.56,712790.18,3194543.663,,,,,,,20250514.0,20250514
2025-05-15,600036.SH,42.97,43.5,42.8,43.06,42.95,0.1099999999999994,0.26,684600.48,3080577.618,,,,,,,20250515.0,20250515
2025-05-16,600036.SH,42.89,43.12,42.2,42.43,43.06,-0.6300000000000026,-1.46,619655.35,2743750.956,,,,,,,20250516.0,20250516
2025-05-19,600036.SH,42.37,42.62,41.94,42.02,42.43,-0.4099999999999966,-0.97,502817.01,2213557.25,,,,,,,20250519.0,20250519
2025-05-20,600036.SH,42.2,42.76,42.05,42.08,42.02,0.0599999999999951,0.14,500534.83,2210731.576,,,,,,,20250520.0,20250520
2025-05-21,600036.SH,42.13,42.53,42.02,42.08,42.08,0.0,0.0,499200.35,2199193.618,,,,,,,20250521.0,20250521
2025-05-22,600036.SH,42.08,42.71,41.94,42.66,42.08,0.5799999999999983,1.38,565655.62,2503244.591,,,,,,,20250522.0,20250522
2025-05-23,600036.SH,42.66,42.83,42.08,42.22,42.66,-0.4399999999999977,-1.03,541460.09,2395482.582,,,,,,,20250523.0,20250523
2025-05-26,600036.SH,42.07,42.34,41.82,41.98,42.22,-0.240000000000002,-0.57,456099.75,2000068.964,,,,,,,20250526.0,20250526
2025-05-27,600036.SH,41.98,42.32,41.86,41.93,41.98,-0.0499999999999971,-0.12,363750.01,1594752.084,,,,,,,20250527.0,20250527
2025-05-28,600036.SH,41.97,42.22,41.79,41.87,41.93,-0.0600000000000022,-0.14,300355.24,1313730.557,,,,,,,20250528.0,20250528
2025-05-29,600036.SH,41.89,42.13,41.65,41.67,41.87,-0.1999999999999957,-0.48,492989.7,2152530.686,,,,,,,20250529.0,20250529
2025-05-30,600036.SH,41.74,42.06,41.55,41.63,41.67,-0.0399999999999991,-0.1,571391.44,2491890.458,,,,,,,20250530.0,20250530
2025-06-03,600036.SH,41.7,42.59,41.7,42.15,41.63,0.519999999999996,1.25,503685.13,2216746.052,,,,,,,20250603.0,20250603
2025-06-04,600036.SH,42.22,42.43,42.08,42.23,42.15,0.0799999999999983,0.19,373416.67,1644649.609,,,,,,,20250604.0,20250604
2025-06-05,600036.SH,42.23,42.58,42.18,42.53,42.23,0.3000000000000042,0.71,421316.8,1865235.666,,,,,,,20250605.0,20250605
2025-06-06,600036.SH,42.61,42.86,42.46,42.63,42.53,0.1000000000000014,0.24,373498.95,1660462.752,,,,,,,20250606.0,20250606
2025-06-09,600036.SH,42.75,42.83,42.38,42.75,42.63,0.1199999999999974,0.28,474774.46,2111750.061,,,,,,,20250609.0,20250609
2025-06-10,600036.SH,42.72,43.18,42.61,42.82,42.75,0.0700000000000002,0.16,528348.92,2364300.624,,,,,,,20250610.0,20250610
2025-06-11,600036.SH,42.87,43.79,42.87,43.43,42.82,0.6099999999999994,1.42,776761.08,3518360.401,,,,,,,20250611.0,20250611
2025-06-12,600036.SH,43.52,43.76,43.23,43.35,43.43,-0.0799999999999983,-0.18,452390.7,2050510.492,,,,,,,20250612.0,20250612
2025-06-13,600036.SH,43.36,43.47,43.09,43.31,43.35,-0.0399999999999991,-0.09,474080.56,2141145.231,,,,,,,20250613.0,20250613
2025-06-16,600036.SH,43.21,43.91,43.09,43.88,43.31,0.5700000000000003,1.32,414474.35,1885267.746,,,,,,,20250616.0,20250616
2025-06-17,600036.SH,43.98,44.14,43.82,44.07,43.88,0.1899999999999977,0.43,474209.01,2177741.322,,,,,,,20250617.0,20250617
2025-06-18,600036.SH,44.02,44.16,43.76,43.95,44.07,-0.1199999999999974,-0.27,426428.59,1957406.403,,,,,,,20250618.0,20250618
2025-06-19,600036.SH,43.94,44.15,43.49,43.74,43.95,-0.2100000000000008,-0.48,513454.3,2342843.184,,,,,,,20250619.0,20250619
2025-06-20,600036.SH,43.83,44.27,43.66,44.08,43.74,0.3399999999999963,0.78,448156.52,2059058.897,,,,,,,20250620.0,20250620
2025-06-23,600036.SH,44.0,44.42,43.55,44.33,44.08,0.25,0.57,538931.48,2475802.504,,,,,,,20250623.0,20250623
2025-06-24,600036.SH,44.39,45.05,44.27,44.81,44.33,0.480000000000004,1.08,655814.61,3058493.531,,,,,,,20250624.0,20250624
2025-06-25,600036.SH,44.81,45.53,44.66,45.53,44.81,0.7199999999999989,1.61,607679.87,2862914.073,,,,,,,20250625.0,20250625
2025-06-26,600036.SH,45.52,45.9,45.1,45.9,45.53,0.3699999999999974,0.81,590200.64,2807185.76,,,,,,,20250626.0,20250626
2025-06-27,600036.SH,45.87,45.89,44.13,44.3,45.9,-1.6000000000000014,-3.49,954143.2,4461309.935,,,,,,,20250627.0,20250627
2025-06-30,600036.SH,44.22,44.37,43.87,44.05,44.3,-0.25,-0.56,624613.63,2870068.037,,,,,,,20250630.0,20250630
2025-07-01,600036.SH,44.05,44.74,44.02,44.52,44.05,0.4700000000000059,1.07,450613.09,2089060.872,,,,,,,20250701.0,20250701
2025-07-02,600036.SH,44.76,45.2,44.52,44.96,44.52,0.4399999999999977,0.99,518563.18,2429269.829,,,,,,,20250702.0,20250702
2025-07-03,600036.SH,44.96,45.0,44.42,44.68,44.96,-0.2800000000000011,-0.62,556225.76,2595710.465,,,,,,,20250703.0,20250703
2025-07-04,600036.SH,44.67,45.53,44.48,45.12,44.68,0.4399999999999977,0.98,678948.32,3190053.518,,,,,,,20250704.0,20250704
2025-07-07,600036.SH,45.12,45.34,44.76,45.24,45.12,0.1200000000000045,0.27,567427.42,2672021.321,,,,,,,20250707.0,20250707
2025-07-08,600036.SH,45.32,45.69,45.15,45.65,45.24,0.4099999999999966,0.91,637421.01,3025850.416,,,,,,,20250708.0,20250708
2025-07-09,600036.SH,45.53,45.79,45.18,45.18,45.65,-0.4699999999999988,-1.03,614566.35,2912999.773,,,,,,,20250709.0,20250709
2025-07-10,600036.SH,45.15,46.54,45.15,46.24,45.18,1.0600000000000025,2.35,1219784.04,5860161.557,,,,,,,20250710.0,20250710
2025-07-11,600036.SH,46.28,46.5,45.62,45.64,46.24,-0.6000000000000014,-1.3,1184442.84,5446393.735,,,,,,,20250711.0,20250711
2025-07-14,600036.SH,45.65,46.09,45.44,45.57,45.64,-0.0700000000000002,-0.15,648484.37,2969040.141,,,,,,,20250714.0,20250714
2025-07-15,600036.SH,45.77,45.92,44.8,45.22,45.57,-0.3500000000000014,-0.77,666206.26,3018332.344,,,,,,,20250715.0,20250715
2025-07-16,600036.SH,45.26,45.54,44.88,45.11,45.22,-0.1099999999999994,-0.24,468186.39,2112241.748,,,,,,,20250716.0,20250716
2025-07-17,600036.SH,45.1,45.33,44.91,45.0,45.11,-0.1099999999999994,-0.24,416895.06,1877218.807,,,,,,,20250717.0,20250717
2025-07-18,600036.SH,45.05,45.16,44.74,45.05,45.0,0.0499999999999971,0.11,543430.57,2445283.609,,,,,,,20250718.0,20250718
2025-07-21,600036.SH,45.05,45.23,44.83,44.85,45.05,-0.1999999999999957,-0.44,566412.01,2546034.189,,,,,,,20250721.0,20250721
2025-07-22,600036.SH,44.85,44.98,44.21,44.94,44.85,0.0899999999999963,0.2,922319.06,4111116.85,,,,,,,20250722.0,20250722
2025-07-23,600036.SH,44.97,45.7,44.96,45.12,44.94,0.1799999999999997,0.4,853249.05,3864679.805,,,,,,,20250723.0,20250723
2025-07-24,600036.SH,45.21,45.36,44.8,44.88,45.12,-0.2399999999999948,-0.53,826620.13,3724435.789,,,,,,,20250724.0,20250724
2025-07-25,600036.SH,44.84,45.17,44.75,44.83,44.88,-0.0500000000000042,-0.11,696264.23,3129427.563,,,,,,,20250725.0,20250725
2025-07-28,600036.SH,44.8,45.16,44.41,44.44,44.83,-0.3900000000000005,-0.87,635127.2,2838575.467,,,,,,,20250728.0,20250728
2025-07-29,600036.SH,44.44,44.8,44.14,44.14,44.44,-0.2999999999999971,-0.68,785812.82,3487013.44,,,,,,,20250729.0,20250729
2025-07-30,600036.SH,44.17,44.75,43.93,44.42,44.14,0.2800000000000011,0.63,725460.85,3222441.776,,,,,,,20250730.0,20250730
2025-07-31,600036.SH,44.4,44.56,43.85,44.48,44.42,0.0599999999999951,0.14,733195.17,3247588.211,,,,,,,20250731.0,20250731
2025-08-01,600036.SH,44.5,44.97,44.35,44.42,44.48,-0.0599999999999951,-0.13,594620.94,2651723.323,,,,,,,20250801.0,20250801
2025-08-04,600036.SH,44.31,44.97,44.31,44.9,44.42,0.4799999999999969,1.08,498008.32,2231447.773,,,,,,,20250804.0,20250804
2025-08-05,600036.SH,44.78,45.4,44.64,45.25,44.9,0.3500000000000014,0.78,555258.3,2502003.95,,,,,,,20250805.0,20250805
2025-08-06,600036.SH,45.29,45.73,45.11,45.12,45.25,-0.1300000000000025,-0.29,430296.4,1951697.829,,,,,,,20250806.0,20250806
2025-08-07,600036.SH,45.12,45.6,44.96,45.15,45.12,0.0300000000000011,0.07,440643.25,1995029.89,,,,,,,20250807.0,20250807
2025-08-08,600036.SH,45.2,45.28,44.53,44.53,45.15,-0.6199999999999974,-1.37,456421.53,2044145.472,,,,,,,20250808.0,20250808
2025-08-11,600036.SH,44.53,44.63,44.1,44.1,44.53,-0.4299999999999997,-0.97,536723.71,2375089.438,,,,,,,20250811.0,20250811
2025-08-12,600036.SH,44.13,44.48,44.0,44.0,44.1,-0.1000000000000014,-0.23,562252.43,2482688.843,,,,,,,20250812.0,20250812
2025-08-13,600036.SH,44.14,44.25,43.49,43.54,44.0,-0.4600000000000008,-1.05,876737.36,3837405.883,,,,,,,20250813.0,20250813
2025-08-14,600036.SH,43.55,43.94,43.5,43.78,43.54,0.240000000000002,0.55,676351.68,2959763.586,,,,,,,20250814.0,20250814
2025-08-15,600036.SH,43.66,43.74,43.3,43.3,43.78,-0.480000000000004,-1.1,932956.84,4051326.297,,,,,,,20250815.0,20250815
2025-08-18,600036.SH,43.1,43.67,42.89,43.51,43.3,0.2100000000000008,0.48,926397.38,4005818.986,,,,,,,20250818.0,20250818
2025-08-19,600036.SH,43.45,43.7,43.29,43.4,43.51,-0.1099999999999994,-0.25,574118.52,2493609.522,,,,,,,20250819.0,20250819
2025-08-20,600036.SH,43.3,43.63,43.15,43.45,43.4,0.0500000000000042,0.12,547240.13,2374776.328,,,,,,,20250820.0,20250820
2025-08-21,600036.SH,43.5,43.59,43.23,43.47,43.45,0.019999999999996,0.05,578540.02,2512170.016,,,,,,,20250821.0,20250821
2025-08-22,600036.SH,43.47,43.48,43.04,43.26,43.47,-0.2100000000000008,-0.48,794496.25,3432029.283,,,,,,,20250822.0,20250822
2025-08-25,600036.SH,43.32,43.87,43.11,43.87,43.26,0.6099999999999994,1.41,907389.9,3956212.555,,,,,,,20250825.0,20250825
2025-08-26,600036.SH,43.89,44.02,43.42,43.52,43.87,-0.3499999999999943,-0.8,755722.31,3296532.147,,,,,,,20250826.0,20250826
2025-08-27,600036.SH,43.5,43.66,43.0,43.0,43.52,-0.5200000000000031,-1.19,758140.78,3280973.424,,,,,,,20250827.0,20250827
2025-08-28,600036.SH,43.02,43.3,42.6,42.98,43.0,-0.0200000000000031,-0.05,822425.57,3530397.264,,,,,,,20250828.0,20250828
2025-08-29,600036.SH,42.98,43.99,42.89,42.89,42.98,-0.0899999999999963,-0.21,1360878.99,5896873.9,,,,,,,20250829.0,20250829
2025-09-01,600036.SH,42.62,42.64,41.88,41.98,42.89,-0.9100000000000036,-2.12,1276333.29,5381676.513,,,,,,,20250901.0,20250901
2025-09-02,600036.SH,41.86,43.5,41.86,43.44,41.98,1.4600000000000009,3.48,1452141.14,6232062.12,,,,,,,20250902.0,20250902
2025-09-03,600036.SH,43.44,43.57,42.7,42.9,43.44,-0.5399999999999991,-1.24,818405.6,3528703.354,,,,,,,20250903.0,20250903
2025-09-04,600036.SH,42.81,43.32,42.14,43.05,42.9,0.1499999999999985,0.35,935363.28,3997574.925,,,,,,,20250904.0,20250904
2025-09-05,600036.SH,43.0,43.02,42.53,42.76,43.05,-0.2899999999999991,-0.67,572328.38,2449941.047,,,,,,,20250905.0,20250905
2025-09-08,600036.SH,42.7,43.1,42.37,42.43,42.76,-0.3299999999999983,-0.77,851681.62,3635065.671,,,,,,,20250908.0,20250908
2025-09-09,600036.SH,42.42,42.88,42.4,42.83,42.43,0.3999999999999986,0.94,589526.53,2515896.773,,,,,,,20250909.0,20250909
2025-09-10,600036.SH,42.8,43.15,42.56,43.0,42.83,0.1700000000000017,0.4,471386.94,2022413.171,,,,,,,20250910.0,20250910
2025-09-11,600036.SH,43.13,43.33,42.78,43.3,43.0,0.2999999999999971,0.7,650730.72,2804175.734,,,,,,,20250911.0,20250911
2025-09-12,600036.SH,43.38,43.47,42.42,42.54,43.3,-0.759999999999998,-1.76,823140.03,3521647.843,,,,,,,20250912.0,20250912
2025-09-15,600036.SH,42.48,42.79,42.11,42.22,42.54,-0.3200000000000003,-0.75,699491.06,2964121.228,,,,,,,20250915.0,20250915
2025-09-16,600036.SH,42.32,42.43,41.66,41.75,42.22,-0.4699999999999988,-1.11,859050.78,3600259.578,,,,,,,20250916.0,20250916
2025-09-17,600036.SH,41.76,42.19,41.7,41.76,41.75,0.009999999999998,0.02,572362.58,2392440.771,,,,,,,20250917.0,20250917
2025-09-18,600036.SH,41.78,41.84,40.8,40.83,41.76,-0.9299999999999996,-2.23,1003522.4,4131887.418,,,,,,,20250918.0,20250918
2025-09-19,600036.SH,40.8,41.53,40.55,41.0,40.83,0.1700000000000017,0.42,836563.07,3440376.826,,,,,,,20250919.0,20250919
2025-09-22,600036.SH,41.15,41.37,40.8,40.92,41.0,-0.0799999999999983,-0.2,656110.3,2688228.051,,,,,,,20250922.0,20250922
2025-09-23,600036.SH,40.98,41.75,40.63,41.55,40.92,0.6299999999999955,1.54,938850.81,3891395.841,,,,,,,20250923.0,20250923
2025-09-24,600036.SH,41.5,41.89,41.29,41.32,41.55,-0.2299999999999968,-0.55,643899.51,2672303.416,,,,,,,20250924.0,20250924
2025-09-25,600036.SH,41.32,41.36,40.81,40.82,41.32,-0.5,-1.21,666948.87,2730478.547,,,,,,,20250925.0,20250925
2025-09-26,600036.SH,40.81,41.0,40.3,40.8,40.82,-0.0200000000000031,-0.05,682766.67,2773964.882,,,,,,,20250926.0,20250926
2025-09-29,600036.SH,40.77,41.29,40.36,40.68,40.8,-0.1199999999999974,-0.29,835550.55,3407163.055,,,,,,,20250929.0,20250929
2025-09-30,600036.SH,40.65,40.79,40.41,40.41,40.68,-0.2700000000000031,-0.66,700025.2,2836889.513,,,,,,,20250930.0,20250930
2025-10-09,600036.SH,40.21,40.44,39.82,40.33,40.41,-0.0799999999999983,-0.2,972319.53,3900217.891,,,,,,,20251009.0,20251009
2025-10-10,600036.SH,40.3,40.65,40.13,40.18,40.33,-0.1499999999999985,-0.37,955049.79,3852817.637,,,,,,,20251010.0,20251010
2025-10-13,600036.SH,39.76,40.3,39.7,40.11,40.18,-0.0700000000000002,-0.17,1065936.17,4266014.498,,,,,,,20251013.0,20251013
2025-10-14,600036.SH,40.09,41.49,39.83,41.26,40.11,1.1499999999999986,2.87,1733826.68,7102543.598,,,,,,,20251014.0,20251014
2025-10-15,600036.SH,41.25,41.57,41.01,41.5,41.26,0.240000000000002,0.58,1062767.02,4392820.738,,,,,,,20251015.0,20251015
2025-10-16,600036.SH,41.5,41.99,41.13,41.93,41.5,0.4299999999999997,1.04,1062487.76,4427156.848,,,,,,,20251016.0,20251016
2025-10-17,600036.SH,41.88,42.22,41.38,41.59,41.93,-0.3399999999999963,-0.81,829827.05,3470670.301,,,,,,,20251017.0,20251017
2025-10-20,600036.SH,41.61,41.79,41.1,41.42,41.59,-0.1700000000000017,-0.41,649477.29,2694843.445,,,,,,,20251020.0,20251020
2025-10-21,600036.SH,41.49,42.1,41.49,41.98,41.42,0.5599999999999952,1.35,759931.24,3184239.228,,,,,,,20251021.0,20251021
2025-10-22,600036.SH,41.98,42.2,41.73,41.95,41.98,-0.029999999999994,-0.07,551333.64,2311324.892,,,,,,,20251022.0,20251022
2025-10-23,600036.SH,41.95,42.49,41.78,42.24,41.95,0.2899999999999991,0.69,713173.73,3004975.799,,,,,,,20251023.0,20251023
2025-10-24,600036.SH,42.35,42.45,41.85,41.95,42.24,-0.2899999999999991,-0.69,698831.94,2938870.335,,,,,,,20251024.0,20251024
2025-10-27,600036.SH,41.9,41.97,41.42,41.59,41.95,-0.3599999999999994,-0.86,988948.62,4120096.208,,,,,,,20251027.0,20251027
2025-10-28,600036.SH,41.62,41.72,41.23,41.6,41.59,0.009999999999998,0.02,705950.74,2928533.807,,,,,,,20251028.0,20251028
2025-10-29,600036.SH,41.53,41.53,40.69,40.77,41.6,-0.8299999999999983,-2.0,910987.6,3735043.026,,,,,,,20251029.0,20251029
2025-10-30,600036.SH,40.8,41.36,40.73,41.2,40.77,0.4299999999999997,1.05,1131538.44,4648170.384,,,,,,,20251030.0,20251030
2025-10-31,600036.SH,41.26,41.3,40.84,40.89,41.2,-0.3100000000000023,-0.75,702607.0,2881797.758,,,,,,,20251031.0,20251031
2025-11-03,600036.SH,41.14,41.97,41.06,41.79,40.89,0.8999999999999986,2.2,921980.68,3837027.068,,,,,,,20251103.0,20251103
2025-11-04,600036.SH,41.84,43.11,41.81,43.01,41.79,1.2199999999999989,2.92,1340035.92,5731414.416,,,,,,,20251104.0,20251104
2025-11-05,600036.SH,43.1,43.47,42.75,42.8,43.01,-0.2100000000000008,-0.49,731713.77,3142006.312,,,,,,,20251105.0,20251105
2025-11-06,600036.SH,42.65,42.89,42.31,42.34,42.8,-0.4599999999999937,-1.07,871972.74,3704094.152,,,,,,,20251106.0,20251106
2025-11-07,600036.SH,42.4,42.72,42.28,42.51,42.34,0.1699999999999946,0.4,593191.18,2521251.002,,,,,,,20251107.0,20251107
2025-11-10,600036.SH,42.45,42.88,42.28,42.72,42.51,0.2100000000000008,0.49,532368.73,2272065.471,,,,,,,20251110.0,20251110
2025-11-11,600036.SH,42.69,43.04,42.52,42.96,42.72,0.240000000000002,0.56,544670.66,2335614.86,,,,,,,20251111.0,20251111
2025-11-12,600036.SH,43.12,43.36,42.93,42.93,42.96,-0.0300000000000011,-0.07,587928.78,2538488.042,,,,,,,20251112.0,20251112
2025-11-13,600036.SH,42.97,43.3,42.74,43.21,42.93,0.2800000000000011,0.65,587980.06,2531083.386,,,,,,,20251113.0,20251113
2025-11-14,600036.SH,43.24,43.59,43.18,43.25,43.21,0.0399999999999991,0.09,518209.55,2251121.743,,,,,,,20251114.0,20251114
2025-11-17,600036.SH,43.1,43.2,42.5,42.65,43.25,-0.6000000000000014,-1.39,610674.46,2605355.053,,,,,,,20251117.0,20251117
2025-11-18,600036.SH,42.56,42.91,42.44,42.88,42.65,0.2300000000000039,0.54,517439.27,2210394.705,,,,,,,20251118.0,20251118
2025-11-19,600036.SH,42.88,43.5,42.8,43.22,42.88,0.3399999999999963,0.79,511696.39,2211527.918,,,,,,,20251119.0,20251119
2025-11-20,600036.SH,43.22,43.79,43.05,43.23,43.22,0.009999999999998,0.02,585851.52,2545450.519,,,,,,,20251120.0,20251120
2025-11-21,600036.SH,43.24,43.55,42.76,43.0,43.23,-0.2299999999999968,-0.53,791264.05,3414438.913,,,,,,,20251121.0,20251121
2025-11-24,600036.SH,43.1,43.21,42.51,42.63,43.0,-0.3699999999999974,-0.86,678548.82,2903502.508,,,,,,,20251124.0,20251124
2025-11-25,600036.SH,42.66,43.3,42.44,43.25,42.63,0.6199999999999974,1.45,666409.49,2860710.968,,,,,,,20251125.0,20251125
2025-11-26,600036.SH,43.34,43.63,42.97,43.25,43.25,0.0,0.0,451072.06,1950643.252,,,,,,,20251126.0,20251126
2025-11-27,600036.SH,43.18,43.39,42.6,43.19,43.25,-0.0600000000000022,-0.14,621434.34,2671439.102,,,,,,,20251127.0,20251127
2025-11-28,600036.SH,43.1,43.12,42.82,42.95,43.19,-0.2399999999999948,-0.56,494657.89,2126261.782,,,,,,,20251128.0,20251128
2025-12-01,600036.SH,43.08,43.47,42.93,43.44,42.95,0.4899999999999949,1.14,567919.42,2454940.643,,,,,,,20251201.0,20251201
2025-12-02,600036.SH,43.44,43.65,43.22,43.38,43.44,-0.0599999999999951,-0.14,406734.97,1765681.348,,,,,,,20251202.0,20251202
2025-12-03,600036.SH,43.27,43.58,43.0,43.01,43.38,-0.3700000000000045,-0.85,468959.72,2029264.531,,,,,,,20251203.0,20251203
2025-12-04,600036.SH,43.05,43.42,43.01,43.22,43.01,0.2100000000000008,0.49,361207.46,1560898.874,,,,,,,20251204.0,20251204
2025-12-05,600036.SH,43.25,43.55,42.91,43.45,43.22,0.2300000000000039,0.53,548906.22,2372985.275,,,,,,,20251205.0,20251205
