date,ts_code,open,high,low,close,pre_close,change,p_change,volume,amount,date.2,date.1,date.3,date.4,date.5,date.6,date.7,date
2022-12-07,601398.SH,4.04,4.05,4.02,4.03,4.04,-0.009999999999999787,-0.25,2223357.63,956706.139,,,,,,,,20221207
2022-12-08,601398.SH,4.03,4.04,4.02,4.03,4.03,0.0,0.0,1966006.46,845283.418,,,,,,,,20221208
2022-12-09,601398.SH,4.03,4.05,4.03,4.03,4.03,0.0,0.0,2564903.65,1103145.219,,,,,,,,20221209
2022-12-12,601398.SH,4.03,4.03,4.01,4.01,4.03,-0.020000000000000462,-0.5,1967081.31,843407.173,,,,,,,,20221212
2022-12-13,601398.SH,4.02,4.04,4.01,4.03,4.01,0.020000000000000462,0.5,1640735.77,704235.151,,,,,,,,20221213
2022-12-14,601398.SH,4.03,4.04,4.01,4.03,4.03,0.0,0.0,1975053.51,845926.525,,,,,,,,20221214
2022-12-15,601398.SH,4.02,4.03,3.99,4.0,4.03,-0.03000000000000025,-0.74,1793039.37,763572.928,,,,,,,,20221215
2022-12-16,601398.SH,4.0,4.03,3.98,4.03,4.0,0.03000000000000025,0.75,1982171.66,846358.171,,,,,,,,20221216
2022-12-19,601398.SH,4.02,4.04,3.99,4.0,4.03,-0.03000000000000025,-0.74,1647837.22,704842.464,,,,,,,,20221219
2022-12-20,601398.SH,3.99,4.01,3.97,3.97,4.0,-0.029999999999999805,-0.75,1769707.42,751668.831,,,,,,,,20221220
2022-12-21,601398.SH,3.97,4.0,3.97,3.99,3.97,0.020000000000000018,0.5,1188930.37,504895.105,,,,,,,,20221221
2022-12-22,601398.SH,4.0,4.02,3.99,4.01,3.99,0.019999999999999574,0.5,1296888.69,553757.271,,,,,,,,20221222
2022-12-23,601398.SH,4.01,4.01,3.99,3.99,4.01,-0.019999999999999574,-0.5,904597.86,385322.879,,,,,,,,20221223
2022-12-26,601398.SH,4.0,4.02,3.98,4.0,3.99,0.009999999999999787,0.25,1470701.24,626352.011,,,,,,,,20221226
2022-12-27,601398.SH,4.01,4.04,4.0,4.03,4.0,0.03000000000000025,0.75,1849633.29,793633.877,,,,,,,,20221227
2022-12-28,601398.SH,4.03,4.06,4.03,4.05,4.03,0.019999999999999574,0.5,1755915.54,757611.069,,,,,,,,20221228
2022-12-29,601398.SH,4.04,4.05,4.0,4.03,4.05,-0.019999999999999574,-0.49,1885665.53,809605.996,,,,,,,,20221229
2022-12-30,601398.SH,4.04,4.08,4.03,4.07,4.03,0.040000000000000036,0.99,2983386.66,1293431.442,,,,,,,,20221230
2023-01-03,601398.SH,4.07,4.07,4.03,4.04,4.07,-0.03000000000000025,-0.74,2428809.7,1047725.002,,,,,,,,20230103
2023-01-04,601398.SH,4.05,4.09,4.04,4.09,4.04,0.04999999999999982,1.24,2351477.35,1022070.423,,,,,,,,20230104
2023-01-05,601398.SH,4.09,4.11,4.06,4.06,4.09,-0.03000000000000025,-0.73,2017797.78,877204.366,,,,,,,,20230105
2023-01-06,601398.SH,4.06,4.08,4.04,4.07,4.06,0.010000000000000675,0.25,1687138.02,731034.157,,,,,,,,20230106
2023-01-09,601398.SH,4.08,4.09,4.06,4.06,4.07,-0.010000000000000675,-0.25,1666791.6,723302.384,,,,,,,,20230109
2023-01-10,601398.SH,4.07,4.07,4.03,4.03,4.06,-0.02999999999999936,-0.74,1751258.73,755033.29,,,,,,,,20230110
2023-01-11,601398.SH,4.03,4.05,4.03,4.04,4.03,0.009999999999999787,0.25,1349496.38,581583.428,,,,,,,,20230111
2023-01-12,601398.SH,4.04,4.05,4.03,4.03,4.04,-0.009999999999999787,-0.25,1095530.61,471371.597,,,,,,,,20230112
2023-01-13,601398.SH,4.03,4.07,4.03,4.07,4.03,0.040000000000000036,0.99,1310556.43,566908.49,,,,,,,,20230113
2023-01-16,601398.SH,4.07,4.09,4.06,4.07,4.07,0.0,0.0,2239500.53,972719.257,,,,,,,,20230116
2023-01-17,601398.SH,4.07,4.08,4.04,4.06,4.07,-0.010000000000000675,-0.25,1348396.46,583427.985,,,,,,,,20230117
2023-01-18,601398.SH,4.06,4.08,4.06,4.07,4.06,0.010000000000000675,0.25,1290402.2,559746.084,,,,,,,,20230118
2023-01-19,601398.SH,4.06,4.07,4.04,4.06,4.07,-0.010000000000000675,-0.25,1311153.98,566876.473,,,,,,,,20230119
2023-01-20,601398.SH,4.06,4.07,4.05,4.06,4.06,0.0,0.0,1423233.56,615310.375,,,,,,,,20230120
2023-01-30,601398.SH,4.07,4.08,4.04,4.05,4.06,-0.009999999999999787,-0.25,2451083.79,1060660.579,,,,,,,,20230130
2023-01-31,601398.SH,4.05,4.06,4.04,4.05,4.05,0.0,0.0,1687635.24,729242.573,,,,,,,,20230131
2023-02-01,601398.SH,4.05,4.06,4.03,4.04,4.05,-0.009999999999999787,-0.25,1729252.59,745664.75,,,,,,,,20230201
2023-02-02,601398.SH,4.05,4.05,4.03,4.03,4.04,-0.009999999999999787,-0.25,2020736.28,870185.102,,,,,,,,20230202
2023-02-03,601398.SH,4.03,4.04,4.03,4.03,4.03,0.0,0.0,1974191.01,848654.204,,,,,,,,20230203
2023-02-06,601398.SH,4.03,4.03,4.02,4.03,4.03,0.0,0.0,2162137.5,926939.859,,,,,,,,20230206
2023-02-07,601398.SH,4.03,4.04,4.02,4.03,4.03,0.0,0.0,1583521.42,680140.869,,,,,,,,20230207
2023-02-08,601398.SH,4.03,4.04,4.03,4.03,4.03,0.0,0.0,1294928.29,556550.72,,,,,,,,20230208
2023-02-09,601398.SH,4.03,4.04,4.03,4.03,4.03,0.0,0.0,1307659.09,562487.646,,,,,,,,20230209
2023-02-10,601398.SH,4.04,4.04,4.03,4.04,4.03,0.009999999999999787,0.25,1202376.2,517287.828,,,,,,,,20230210
2023-02-13,601398.SH,4.03,4.04,4.03,4.03,4.04,-0.009999999999999787,-0.25,1902540.36,817263.325,,,,,,,,20230213
2023-02-14,601398.SH,4.03,4.04,4.03,4.03,4.03,0.0,0.0,1064557.57,457865.981,,,,,,,,20230214
2023-02-15,601398.SH,4.03,4.04,4.02,4.03,4.03,0.0,0.0,2040446.17,875087.611,,,,,,,,20230215
2023-02-16,601398.SH,4.03,4.03,4.02,4.02,4.03,-0.010000000000000675,-0.25,1894246.99,812550.64,,,,,,,,20230216
2023-02-17,601398.SH,4.02,4.03,4.02,4.02,4.02,0.0,0.0,1786395.16,766064.99,,,,,,,,20230217
2023-02-20,601398.SH,4.03,4.04,4.02,4.04,4.02,0.020000000000000462,0.5,2339844.07,1004838.515,,,,,,,,20230220
2023-02-21,601398.SH,4.03,4.05,4.03,4.05,4.04,0.009999999999999787,0.25,1678930.37,724398.198,,,,,,,,20230221
2023-02-22,601398.SH,4.05,4.05,4.03,4.03,4.05,-0.019999999999999574,-0.49,937519.93,404187.271,,,,,,,,20230222
2023-02-23,601398.SH,4.04,4.05,4.03,4.03,4.03,0.0,0.0,1215628.07,523722.564,,,,,,,,20230223
2023-02-24,601398.SH,4.04,4.04,4.03,4.03,4.03,0.0,0.0,1391182.56,597341.18,,,,,,,,20230224
2023-02-27,601398.SH,4.03,4.03,4.02,4.03,4.03,0.0,0.0,1201801.77,515168.67,,,,,,,,20230227
2023-02-28,601398.SH,4.03,4.03,4.02,4.03,4.03,0.0,0.0,1580501.25,677615.166,,,,,,,,20230228
2023-03-01,601398.SH,4.03,4.04,4.03,4.03,4.03,0.0,0.0,2575566.7,1107847.947,,,,,,,,20230301
2023-03-02,601398.SH,4.03,4.05,4.03,4.05,4.03,0.019999999999999574,0.5,2209294.25,952727.208,,,,,,,,20230302
2023-03-03,601398.SH,4.05,4.1,4.05,4.09,4.05,0.040000000000000036,0.99,3222511.25,1399659.368,,,,,,,,20230303
2023-03-06,601398.SH,4.1,4.11,4.07,4.08,4.09,-0.009999999999999787,-0.24,3218611.78,1401037.315,,,,,,,,20230306
2023-03-07,601398.SH,4.08,4.2,4.07,4.12,4.08,0.040000000000000036,0.98,6770934.04,2992988.03,,,,,,,,20230307
2023-03-08,601398.SH,4.1,4.14,4.08,4.13,4.12,0.009999999999999787,0.24,2513977.16,1098665.504,,,,,,,,20230308
2023-03-09,601398.SH,4.13,4.17,4.11,4.11,4.13,-0.019999999999999574,-0.48,2410878.53,1062348.001,,,,,,,,20230309
2023-03-10,601398.SH,4.09,4.11,4.07,4.07,4.11,-0.040000000000000036,-0.97,2221254.32,968749.011,,,,,,,,20230310
2023-03-13,601398.SH,4.07,4.14,4.06,4.13,4.07,0.05999999999999961,1.47,2491912.4,1092169.163,,,,,,,,20230313
2023-03-14,601398.SH,4.12,4.17,4.11,4.14,4.13,0.009999999999999787,0.24,2542644.76,1122413.927,,,,,,,,20230314
2023-03-15,601398.SH,4.16,4.19,4.14,4.18,4.14,0.040000000000000036,0.97,2896830.79,1288387.303,,,,,,,,20230315
2023-03-16,601398.SH,4.18,4.29,4.17,4.24,4.18,0.0600000000000005,1.44,5873947.44,2655044.111,,,,,,,,20230316
2023-03-17,601398.SH,4.25,4.3,4.21,4.24,4.24,0.0,0.0,3428580.62,1553254.966,,,,,,,,20230317
2023-03-20,601398.SH,4.24,4.32,4.22,4.23,4.24,-0.009999999999999787,-0.24,3386446.15,1541399.77,,,,,,,,20230320
2023-03-21,601398.SH,4.24,4.27,4.17,4.18,4.23,-0.05000000000000071,-1.18,2735102.46,1222842.097,,,,,,,,20230321
2023-03-22,601398.SH,4.18,4.24,4.18,4.24,4.18,0.0600000000000005,1.44,2218087.82,998009.99,,,,,,,,20230322
2023-03-23,601398.SH,4.23,4.25,4.2,4.24,4.24,0.0,0.0,1898473.48,855390.079,,,,,,,,20230323
2023-03-24,601398.SH,4.23,4.23,4.19,4.2,4.24,-0.040000000000000036,-0.94,1619528.87,726293.38,,,,,,,,20230324
2023-03-27,601398.SH,4.19,4.2,4.14,4.18,4.2,-0.020000000000000462,-0.48,2126959.3,944911.324,,,,,,,,20230327
2023-03-28,601398.SH,4.19,4.22,4.17,4.21,4.18,0.03000000000000025,0.72,1718590.69,768256.378,,,,,,,,20230328
2023-03-29,601398.SH,4.22,4.25,4.18,4.23,4.21,0.020000000000000462,0.48,2153324.56,969916.345,,,,,,,,20230329
2023-03-30,601398.SH,4.23,4.27,4.2,4.24,4.23,0.009999999999999787,0.24,1810266.32,816555.471,,,,,,,,20230330
2023-03-31,601398.SH,4.24,4.24,4.18,4.18,4.24,-0.0600000000000005,-1.42,2345624.82,1050304.784,,,,,,,,20230331
2023-04-03,601398.SH,4.18,4.19,4.17,4.18,4.18,0.0,0.0,2005186.09,892555.875,,,,,,,,20230403
2023-04-04,601398.SH,4.18,4.24,4.17,4.24,4.18,0.0600000000000005,1.44,3061591.33,1376907.554,,,,,,,,20230404
2023-04-06,601398.SH,4.23,4.26,4.21,4.25,4.24,0.009999999999999787,0.24,1958216.08,884878.223,,,,,,,,20230406
2023-04-07,601398.SH,4.24,4.26,4.23,4.25,4.25,0.0,0.0,1247347.68,564750.744,,,,,,,,20230407
2023-04-10,601398.SH,4.25,4.28,4.22,4.27,4.25,0.019999999999999574,0.47,2403449.17,1090106.743,,,,,,,,20230410
2023-04-11,601398.SH,4.27,4.29,4.25,4.27,4.27,0.0,0.0,1852176.53,843163.088,,,,,,,,20230411
2023-04-12,601398.SH,4.28,4.35,4.27,4.33,4.27,0.0600000000000005,1.41,3198518.03,1472027.339,,,,,,,,20230412
2023-04-13,601398.SH,4.32,4.36,4.3,4.34,4.33,0.009999999999999787,0.23,2187342.68,1012149.962,,,,,,,,20230413
2023-04-14,601398.SH,4.36,4.36,4.33,4.34,4.34,0.0,0.0,1514960.89,701396.46,,,,,,,,20230414
2023-04-17,601398.SH,4.34,4.45,4.33,4.44,4.34,0.10000000000000053,2.3,3556291.81,1666156.219,,,,,,,,20230417
2023-04-18,601398.SH,4.44,4.51,4.43,4.48,4.44,0.040000000000000036,0.9,3952574.34,1882106.553,,,,,,,,20230418
2023-04-19,601398.SH,4.48,4.5,4.46,4.47,4.48,-0.010000000000000675,-0.22,2699213.78,1288443.209,,,,,,,,20230419
2023-04-20,601398.SH,4.47,4.49,4.39,4.45,4.47,-0.019999999999999574,-0.45,3180013.41,1502667.18,,,,,,,,20230420
2023-04-21,601398.SH,4.45,4.49,4.4,4.41,4.45,-0.040000000000000036,-0.9,3158540.05,1496588.9,,,,,,,,20230421
2023-04-24,601398.SH,4.41,4.46,4.39,4.43,4.41,0.019999999999999574,0.45,3062068.1,1443750.723,,,,,,,,20230424
2023-04-25,601398.SH,4.42,4.48,4.42,4.46,4.43,0.03000000000000025,0.68,3915674.75,1857660.019,,,,,,,,20230425
2023-04-26,601398.SH,4.45,4.48,4.36,4.46,4.46,0.0,0.0,4009611.15,1891851.111,,,,,,,,20230426
2023-04-27,601398.SH,4.45,4.46,4.41,4.46,4.46,0.0,0.0,2657079.62,1256636.714,,,,,,,,20230427
2023-04-28,601398.SH,4.45,4.48,4.41,4.43,4.46,-0.03000000000000025,-0.67,2503244.0,1185262.424,,,,,,,,20230428
2023-05-04,601398.SH,4.41,4.65,4.39,4.64,4.43,0.20999999999999996,4.74,7289708.42,3541568.882,,,,,,,,20230504
2023-05-05,601398.SH,4.64,4.79,4.64,4.68,4.64,0.040000000000000036,0.86,6828810.0,3428249.976,,,,,,,,20230505
2023-05-08,601398.SH,4.71,5.03,4.7,4.97,4.68,0.29000000000000004,6.2,10488613.02,5490372.106,,,,,,,,20230508
2023-05-09,601398.SH,5.04,5.13,4.9,4.94,4.97,-0.02999999999999936,-0.6,9334986.15,4986593.624,,,,,,,,20230509
2023-05-10,601398.SH,4.9,4.94,4.68,4.72,4.94,-0.22000000000000064,-4.45,7516354.46,3815734.476,,,,,,,,20230510
2023-05-11,601398.SH,4.72,4.79,4.68,4.69,4.72,-0.02999999999999936,-0.64,4037362.61,2028244.04,,,,,,,,20230511
2023-05-12,601398.SH,4.68,4.74,4.64,4.67,4.69,-0.020000000000000462,-0.43,3651839.27,1822660.939,,,,,,,,20230512
2023-05-15,601398.SH,4.68,4.75,4.55,4.73,4.67,0.0600000000000005,1.28,5121251.41,2529284.812,,,,,,,,20230515
2023-05-16,601398.SH,4.73,4.82,4.67,4.7,4.73,-0.03000000000000025,-0.63,3238579.0,1638354.828,,,,,,,,20230516
2023-05-17,601398.SH,4.68,4.73,4.63,4.68,4.7,-0.020000000000000462,-0.43,2615395.51,1303973.179,,,,,,,,20230517
2023-05-18,601398.SH,4.69,4.86,4.68,4.8,4.68,0.1200000000000001,2.56,4402893.21,2247012.011,,,,,,,,20230518
2023-05-19,601398.SH,4.79,4.82,4.73,4.73,4.8,-0.0699999999999994,-1.46,3082250.32,1566953.441,,,,,,,,20230519
2023-05-22,601398.SH,4.73,4.83,4.71,4.76,4.73,0.02999999999999936,0.63,2578695.76,1312745.93,,,,,,,,20230522
2023-05-23,601398.SH,4.75,4.79,4.61,4.63,4.76,-0.1299999999999999,-2.73,4411799.99,2195648.031,,,,,,,,20230523
2023-05-24,601398.SH,4.64,4.65,4.46,4.47,4.63,-0.16000000000000014,-3.46,5227541.45,2512302.395,,,,,,,,20230524
2023-05-25,601398.SH,4.44,4.48,4.41,4.45,4.47,-0.019999999999999574,-0.45,3461347.35,1637454.759,,,,,,,,20230525
2023-05-26,601398.SH,4.45,4.54,4.43,4.5,4.45,0.04999999999999982,1.12,2346930.92,1123359.457,,,,,,,,20230526
2023-05-29,601398.SH,4.51,4.58,4.5,4.55,4.5,0.04999999999999982,1.11,2980559.48,1441539.23,,,,,,,,20230529
2023-05-30,601398.SH,4.54,4.58,4.49,4.52,4.55,-0.03000000000000025,-0.66,2689175.49,1298717.694,,,,,,,,20230530
2023-05-31,601398.SH,4.51,4.57,4.48,4.53,4.52,0.010000000000000675,0.22,2513541.53,1215088.902,,,,,,,,20230531
2023-06-01,601398.SH,4.52,4.62,4.5,4.56,4.53,0.02999999999999936,0.66,2708660.17,1316044.948,,,,,,,,20230601
2023-06-02,601398.SH,4.56,4.6,4.54,4.58,4.56,0.020000000000000462,0.44,1594868.42,775899.59,,,,,,,,20230602
2023-06-05,601398.SH,4.58,4.67,4.56,4.65,4.58,0.07000000000000028,1.53,1961820.25,969318.119,,,,,,,,20230605
2023-06-06,601398.SH,4.65,4.74,4.64,4.65,4.65,0.0,0.0,2501764.9,1251780.679,,,,,,,,20230606
2023-06-07,601398.SH,4.66,4.74,4.66,4.7,4.65,0.04999999999999982,1.08,2192964.42,1099411.845,,,,,,,,20230607
2023-06-08,601398.SH,4.7,4.79,4.67,4.78,4.7,0.08000000000000007,1.7,2413816.83,1219117.768,,,,,,,,20230608
2023-06-09,601398.SH,4.77,4.8,4.75,4.76,4.78,-0.020000000000000462,-0.42,2114255.48,1075351.684,,,,,,,,20230609
2023-06-12,601398.SH,4.77,4.78,4.64,4.66,4.76,-0.09999999999999964,-2.1,2706656.25,1353794.292,,,,,,,,20230612
2023-06-13,601398.SH,4.65,4.7,4.64,4.69,4.66,0.03000000000000025,0.64,1622393.81,809442.49,,,,,,,,20230613
2023-06-14,601398.SH,4.68,4.71,4.56,4.57,4.69,-0.1200000000000001,-2.56,3504577.16,1728125.975,,,,,,,,20230614
2023-06-15,601398.SH,4.6,4.65,4.57,4.61,4.57,0.040000000000000036,0.88,2252519.16,1105624.109,,,,,,,,20230615
2023-06-16,601398.SH,4.61,4.62,4.58,4.58,4.61,-0.03000000000000025,-0.65,2177238.33,1066214.514,,,,,,,,20230616
2023-06-19,601398.SH,4.58,4.59,4.51,4.53,4.58,-0.04999999999999982,-1.09,2294115.14,1110369.621,,,,,,,,20230619
2023-06-20,601398.SH,4.53,4.57,4.5,4.53,4.53,0.0,0.0,1754802.58,847809.825,,,,,,,,20230620
2023-06-21,601398.SH,4.52,4.63,4.51,4.55,4.53,0.019999999999999574,0.44,2736087.67,1333802.3,,,,,,,,20230621
2023-06-26,601398.SH,4.55,4.56,4.46,4.48,4.55,-0.0699999999999994,-1.54,2989837.96,1430494.631,,,,,,,,20230626
2023-06-27,601398.SH,4.48,4.52,4.44,4.51,4.48,0.02999999999999936,0.67,2129214.48,1020036.538,,,,,,,,20230627
2023-06-28,601398.SH,4.5,4.54,4.48,4.52,4.51,0.009999999999999787,0.22,1914026.17,921642.614,,,,,,,,20230628
2023-06-29,601398.SH,4.51,4.52,4.48,4.48,4.52,-0.03999999999999915,-0.88,1768647.0,848123.797,,,,,,,,20230629
2023-06-30,601398.SH,4.49,4.54,4.49,4.52,4.48,0.03999999999999915,0.89,1789393.86,861972.306,,,,,,,,20230630
2023-07-03,601398.SH,4.54,4.59,4.5,4.58,4.52,0.0600000000000005,1.33,2885172.37,1401397.653,,,,,,,,20230703
2023-07-04,601398.SH,4.57,4.58,4.52,4.53,4.58,-0.04999999999999982,-1.09,2236081.29,1083994.704,,,,,,,,20230704
2023-07-05,601398.SH,4.53,4.55,4.49,4.52,4.53,-0.010000000000000675,-0.22,1650508.24,795131.316,,,,,,,,20230705
2023-07-06,601398.SH,4.5,4.53,4.47,4.48,4.52,-0.03999999999999915,-0.88,2402678.18,1150747.048,,,,,,,,20230706
2023-07-07,601398.SH,4.47,4.51,4.46,4.47,4.48,-0.010000000000000675,-0.22,2204643.4,1052383.642,,,,,,,,20230707
2023-07-10,601398.SH,4.48,4.49,4.46,4.48,4.47,0.010000000000000675,0.22,1259393.4,600869.277,,,,,,,,20230710
2023-07-11,601398.SH,4.49,4.54,4.48,4.53,4.48,0.04999999999999982,1.12,1810361.38,872812.383,,,,,,,,20230711
2023-07-12,601398.SH,4.53,4.56,4.5,4.51,4.53,-0.020000000000000462,-0.44,1862673.15,899237.41,,,,,,,,20230712
2023-07-13,601398.SH,4.52,4.59,4.52,4.57,4.51,0.0600000000000005,1.33,2581133.39,1252501.956,,,,,,,,20230713
2023-07-14,601398.SH,4.58,4.6,4.54,4.57,4.57,0.0,0.0,3056799.51,1490328.854,,,,,,,,20230714
2023-07-17,601398.SH,4.6,4.61,4.55,4.57,4.57,0.0,0.0,2872925.76,1313140.48,,,,,,,,20230717
2023-07-18,601398.SH,4.57,4.58,4.52,4.54,4.57,-0.03000000000000025,-0.66,2104102.78,955282.786,,,,,,,,20230718
2023-07-19,601398.SH,4.53,4.57,4.52,4.56,4.54,0.019999999999999574,0.44,1451546.82,659323.287,,,,,,,,20230719
2023-07-20,601398.SH,4.57,4.6,4.56,4.58,4.56,0.020000000000000462,0.44,1444105.38,661920.422,,,,,,,,20230720
2023-07-21,601398.SH,4.57,4.59,4.56,4.58,4.58,0.0,0.0,1303226.32,596118.856,,,,,,,,20230721
2023-07-24,601398.SH,4.57,4.59,4.54,4.57,4.58,-0.009999999999999787,-0.22,1158905.83,528908.86,,,,,,,,20230724
2023-07-25,601398.SH,4.59,4.63,4.58,4.62,4.57,0.04999999999999982,1.09,1924507.6,887398.435,,,,,,,,20230725
2023-07-26,601398.SH,4.62,4.64,4.6,4.63,4.62,0.009999999999999787,0.22,1154337.68,533491.432,,,,,,,,20230726
2023-07-27,601398.SH,4.63,4.75,4.63,4.7,4.63,0.07000000000000028,1.51,2404240.94,1130511.654,,,,,,,,20230727
2023-07-28,601398.SH,4.68,4.8,4.67,4.79,4.7,0.08999999999999986,1.91,2585045.18,1229649.771,,,,,,,,20230728
2023-07-31,601398.SH,4.8,4.86,4.74,4.77,4.79,-0.020000000000000462,-0.42,2822097.05,1351064.41,,,,,,,,20230731
2023-08-01,601398.SH,4.77,4.8,4.75,4.78,4.77,0.010000000000000675,0.21,1849948.17,883177.021,,,,,,,,20230801
2023-08-02,601398.SH,4.75,4.76,4.65,4.67,4.78,-0.11000000000000032,-2.3,3016435.61,1414477.098,,,,,,,,20230802
2023-08-03,601398.SH,4.67,4.74,4.64,4.72,4.67,0.04999999999999982,1.07,2110533.35,991496.643,,,,,,,,20230803
2023-08-04,601398.SH,4.74,4.78,4.7,4.74,4.72,0.020000000000000462,0.42,2359550.82,1118833.388,,,,,,,,20230804
2023-08-07,601398.SH,4.73,4.73,4.67,4.71,4.74,-0.03000000000000025,-0.63,1899890.34,892038.939,,,,,,,,20230807
2023-08-08,601398.SH,4.7,4.71,4.67,4.68,4.71,-0.03000000000000025,-0.64,1292974.86,605700.032,,,,,,,,20230808
2023-08-09,601398.SH,4.67,4.71,4.67,4.71,4.68,0.03000000000000025,0.64,1275891.57,599028.493,,,,,,,,20230809
2023-08-10,601398.SH,4.7,4.71,4.67,4.69,4.71,-0.019999999999999574,-0.42,1251263.26,586262.307,,,,,,,,20230810
2023-08-11,601398.SH,4.69,4.69,4.61,4.61,4.69,-0.08000000000000007,-1.71,2065553.65,958427.435,,,,,,,,20230811
2023-08-14,601398.SH,4.59,4.59,4.54,4.56,4.61,-0.05000000000000071,-1.08,2062904.37,940677.037,,,,,,,,20230814
2023-08-15,601398.SH,4.57,4.66,4.56,4.64,4.56,0.08000000000000007,1.75,1901957.41,876696.048,,,,,,,,20230815
2023-08-16,601398.SH,4.62,4.65,4.6,4.64,4.64,0.0,0.0,1319587.2,610777.724,,,,,,,,20230816
2023-08-17,601398.SH,4.63,4.63,4.57,4.6,4.64,-0.040000000000000036,-0.86,1777380.13,816332.097,,,,,,,,20230817
2023-08-18,601398.SH,4.59,4.67,4.58,4.61,4.6,0.010000000000000675,0.22,2106844.2,975878.347,,,,,,,,20230818
2023-08-21,601398.SH,4.61,4.63,4.56,4.56,4.61,-0.05000000000000071,-1.08,2008059.66,919967.016,,,,,,,,20230821
2023-08-22,601398.SH,4.57,4.64,4.55,4.62,4.56,0.0600000000000005,1.32,2591200.96,1189461.33,,,,,,,,20230822
2023-08-23,601398.SH,4.61,4.68,4.59,4.64,4.62,0.019999999999999574,0.43,2519848.55,1170788.998,,,,,,,,20230823
2023-08-24,601398.SH,4.65,4.66,4.59,4.59,4.64,-0.04999999999999982,-1.08,2117788.09,976867.24,,,,,,,,20230824
2023-08-25,601398.SH,4.58,4.68,4.58,4.66,4.59,0.07000000000000028,1.53,2670931.85,1238221.615,,,,,,,,20230825
2023-08-28,601398.SH,4.8,4.8,4.68,4.73,4.66,0.07000000000000028,1.5,4335473.77,2047848.273,,,,,,,,20230828
2023-08-29,601398.SH,4.71,4.72,4.61,4.63,4.73,-0.10000000000000053,-2.11,3805806.67,1766953.944,,,,,,,,20230829
2023-08-30,601398.SH,4.63,4.63,4.57,4.59,4.63,-0.040000000000000036,-0.86,3254210.81,1492263.143,,,,,,,,20230830
2023-08-31,601398.SH,4.58,4.64,4.56,4.62,4.59,0.03000000000000025,0.65,2894279.34,1328761.084,,,,,,,,20230831
2023-09-01,601398.SH,4.59,4.61,4.55,4.57,4.62,-0.04999999999999982,-1.08,2968283.99,1357727.426,,,,,,,,20230901
2023-09-04,601398.SH,4.58,4.61,4.56,4.6,4.57,0.02999999999999936,0.66,2511760.29,1153387.625,,,,,,,,20230904
2023-09-05,601398.SH,4.59,4.6,4.58,4.59,4.6,-0.009999999999999787,-0.22,1665329.13,764627.604,,,,,,,,20230905
2023-09-06,601398.SH,4.58,4.62,4.58,4.61,4.59,0.020000000000000462,0.44,1565622.16,721190.246,,,,,,,,20230906
2023-09-07,601398.SH,4.61,4.64,4.6,4.62,4.61,0.009999999999999787,0.22,2110284.8,975710.53,,,,,,,,20230907
2023-09-08,601398.SH,4.62,4.62,4.58,4.59,4.62,-0.03000000000000025,-0.65,1228218.74,563775.965,,,,,,,,20230908
2023-09-11,601398.SH,4.59,4.61,4.58,4.59,4.59,0.0,0.0,1734103.68,796563.541,,,,,,,,20230911
2023-09-12,601398.SH,4.59,4.6,4.58,4.6,4.59,0.009999999999999787,0.22,1260714.89,578873.994,,,,,,,,20230912
2023-09-13,601398.SH,4.6,4.63,4.59,4.62,4.6,0.020000000000000462,0.43,2062878.57,951230.236,,,,,,,,20230913
2023-09-14,601398.SH,4.63,4.68,4.62,4.68,4.62,0.05999999999999961,1.3,3511706.7,1638629.281,,,,,,,,20230914
2023-09-15,601398.SH,4.68,4.7,4.63,4.63,4.68,-0.04999999999999982,-1.07,2397323.57,1116627.267,,,,,,,,20230915
2023-09-18,601398.SH,4.64,4.65,4.61,4.64,4.63,0.009999999999999787,0.22,1661257.86,768769.281,,,,,,,,20230918
2023-09-19,601398.SH,4.64,4.68,4.63,4.68,4.64,0.040000000000000036,0.86,2066133.2,963619.723,,,,,,,,20230919
2023-09-20,601398.SH,4.67,4.71,4.66,4.69,4.68,0.010000000000000675,0.21,2844159.41,1334624.084,,,,,,,,20230920
2023-09-21,601398.SH,4.69,4.74,4.68,4.69,4.69,0.0,0.0,2981619.43,1401644.984,,,,,,,,20230921
2023-09-22,601398.SH,4.69,4.74,4.67,4.74,4.69,0.04999999999999982,1.07,3099886.4,1460209.787,,,,,,,,20230922
2023-09-25,601398.SH,4.74,4.76,4.72,4.73,4.74,-0.009999999999999787,-0.21,2372227.11,1124713.307,,,,,,,,20230925
2023-09-26,601398.SH,4.74,4.75,4.68,4.7,4.73,-0.03000000000000025,-0.63,2148475.45,1011746.717,,,,,,,,20230926
2023-09-27,601398.SH,4.7,4.71,4.65,4.65,4.7,-0.04999999999999982,-1.06,2258028.62,1054101.377,,,,,,,,20230927
2023-09-28,601398.SH,4.67,4.7,4.66,4.68,4.65,0.02999999999999936,0.65,1569716.96,734762.892,,,,,,,,20230928
2023-10-09,601398.SH,4.65,4.7,4.63,4.67,4.68,-0.009999999999999787,-0.21,2148065.59,1002756.576,,,,,,,,20231009
2023-10-10,601398.SH,4.69,4.72,4.67,4.68,4.67,0.009999999999999787,0.21,1860356.24,873180.32,,,,,,,,20231010
2023-10-11,601398.SH,4.69,4.73,4.69,4.72,4.68,0.040000000000000036,0.85,2692050.11,1269006.831,,,,,,,,20231011
2023-10-12,601398.SH,4.8,4.85,4.78,4.84,4.72,0.1200000000000001,2.54,5677657.57,2734640.605,,,,,,,,20231012
2023-10-13,601398.SH,4.81,4.94,4.8,4.89,4.84,0.04999999999999982,1.03,4282273.31,2094706.164,,,,,,,,20231013
2023-10-16,601398.SH,4.88,4.94,4.85,4.92,4.89,0.03000000000000025,0.61,2823494.73,1381506.632,,,,,,,,20231016
2023-10-17,601398.SH,4.91,4.93,4.89,4.92,4.92,0.0,0.0,1900438.65,932409.041,,,,,,,,20231017
2023-10-18,601398.SH,4.91,4.98,4.9,4.93,4.92,0.009999999999999787,0.2,2757790.4,1360530.618,,,,,,,,20231018
2023-10-19,601398.SH,4.91,4.92,4.81,4.83,4.93,-0.09999999999999964,-2.03,3631633.94,1759426.129,,,,,,,,20231019
2023-10-20,601398.SH,4.8,4.84,4.76,4.79,4.83,-0.040000000000000036,-0.83,2747824.94,1317398.881,,,,,,,,20231020
2023-10-23,601398.SH,4.78,4.85,4.77,4.82,4.79,0.03000000000000025,0.63,2687135.43,1295265.514,,,,,,,,20231023
2023-10-24,601398.SH,4.82,4.83,4.73,4.76,4.82,-0.0600000000000005,-1.24,3355482.67,1596617.824,,,,,,,,20231024
2023-10-25,601398.SH,4.77,4.79,4.71,4.71,4.76,-0.04999999999999982,-1.05,3489260.2,1648499.684,,,,,,,,20231025
2023-10-26,601398.SH,4.71,4.8,4.71,4.79,4.71,0.08000000000000007,1.7,3065313.2,1460187.893,,,,,,,,20231026
2023-10-27,601398.SH,4.8,4.83,4.75,4.77,4.79,-0.020000000000000462,-0.42,2929633.33,1401153.452,,,,,,,,20231027
2023-10-30,601398.SH,4.75,4.76,4.66,4.69,4.77,-0.07999999999999918,-1.68,4686115.43,2199149.845,,,,,,,,20231030
2023-10-31,601398.SH,4.69,4.74,4.67,4.73,4.69,0.040000000000000036,0.85,2411116.06,1136787.73,,,,,,,,20231031
2023-11-01,601398.SH,4.74,4.78,4.7,4.77,4.73,0.03999999999999915,0.85,2166782.45,1029343.589,,,,,,,,20231101
2023-11-02,601398.SH,4.78,4.82,4.77,4.78,4.77,0.010000000000000675,0.21,2132217.16,1023208.913,,,,,,,,20231102
2023-11-03,601398.SH,4.78,4.79,4.73,4.74,4.78,-0.040000000000000036,-0.84,1995544.43,948809.75,,,,,,,,20231103
2023-11-06,601398.SH,4.74,4.76,4.7,4.71,4.74,-0.03000000000000025,-0.63,3155535.62,1487054.517,,,,,,,,20231106
2023-11-07,601398.SH,4.71,4.75,4.69,4.72,4.71,0.009999999999999787,0.21,1762681.14,831535.432,,,,,,,,20231107
2023-11-08,601398.SH,4.71,4.74,4.69,4.71,4.72,-0.009999999999999787,-0.21,2307978.03,1088088.168,,,,,,,,20231108
2023-11-09,601398.SH,4.7,4.79,4.7,4.78,4.71,0.07000000000000028,1.49,2774644.05,1319361.414,,,,,,,,20231109
2023-11-10,601398.SH,4.77,4.82,4.74,4.78,4.78,0.0,0.0,2157019.07,1030812.616,,,,,,,,20231110
2023-11-13,601398.SH,4.78,4.78,4.72,4.76,4.78,-0.020000000000000462,-0.42,1784472.23,845699.968,,,,,,,,20231113
2023-11-14,601398.SH,4.75,4.79,4.73,4.79,4.76,0.03000000000000025,0.63,2065392.73,983406.086,,,,,,,,20231114
2023-11-15,601398.SH,4.78,4.8,4.77,4.79,4.79,0.0,0.0,1510144.82,722371.077,,,,,,,,20231115
2023-11-16,601398.SH,4.78,4.82,4.77,4.8,4.79,0.009999999999999787,0.21,1783049.21,856430.948,,,,,,,,20231116
2023-11-17,601398.SH,4.8,4.81,4.76,4.78,4.8,-0.019999999999999574,-0.42,1733745.18,828856.95,,,,,,,,20231117
2023-11-20,601398.SH,4.78,4.82,4.77,4.81,4.78,0.02999999999999936,0.63,1737244.26,833340.524,,,,,,,,20231120
2023-11-21,601398.SH,4.81,4.84,4.8,4.81,4.81,0.0,0.0,1855786.21,893722.004,,,,,,,,20231121
2023-11-22,601398.SH,4.8,4.83,4.79,4.8,4.81,-0.009999999999999787,-0.21,1426232.61,685928.359,,,,,,,,20231122
2023-11-23,601398.SH,4.81,4.81,4.77,4.8,4.8,0.0,0.0,1713015.15,820169.689,,,,,,,,20231123
2023-11-24,601398.SH,4.8,4.82,4.79,4.8,4.8,0.0,0.0,1862324.46,895099.924,,,,,,,,20231124
2023-11-27,601398.SH,4.79,4.8,4.75,4.78,4.8,-0.019999999999999574,-0.42,2183710.03,1041992.127,,,,,,,,20231127
2023-11-28,601398.SH,4.78,4.8,4.77,4.79,4.78,0.009999999999999787,0.21,1333511.04,638025.597,,,,,,,,20231128
2023-11-29,601398.SH,4.78,4.79,4.76,4.77,4.79,-0.020000000000000462,-0.42,1608007.36,767506.443,,,,,,,,20231129
2023-11-30,601398.SH,4.77,4.81,4.76,4.81,4.77,0.040000000000000036,0.84,2146402.58,1027384.355,,,,,,,,20231130
2023-12-01,601398.SH,4.8,4.83,4.79,4.81,4.81,0.0,0.0,2500466.51,1202312.573,,,,,,,,20231201
2023-12-04,601398.SH,4.81,4.83,4.8,4.8,4.81,-0.009999999999999787,-0.21,1531861.34,736651.082,,,,,,,,20231204
2023-12-05,601398.SH,4.8,4.81,4.76,4.76,4.8,-0.040000000000000036,-0.83,1981988.79,948472.231,,,,,,,,20231205
2023-12-06,601398.SH,4.76,4.76,4.7,4.7,4.76,-0.05999999999999961,-1.26,2952964.99,1394679.54,,,,,,,,20231206
2023-12-07,601398.SH,4.7,4.75,4.68,4.73,4.7,0.03000000000000025,0.64,2347758.11,1108498.604,,,,,,,,20231207
2023-12-08,601398.SH,4.32,4.35,4.3,4.31,4.31,0.0,0.0,1983784.01,940179.674,,,,,,,20231208.0,20231208
2023-12-11,601398.SH,4.3,4.33,4.24,4.31,4.31,0.0,0.0,2796161.94,1313136.708,,,,,,,20231211.0,20231211
2023-12-12,601398.SH,4.3,4.38,4.28,4.37,4.31,0.0600000000000005,1.39,2769037.14,1320664.344,,,,,,,20231212.0,20231212
2023-12-13,601398.SH,4.37,4.39,4.35,4.37,4.37,0.0,0.0,2490304.27,1194973.334,,,,,,,20231213.0,20231213
2023-12-14,601398.SH,4.37,4.39,4.34,4.35,4.37,-0.0200000000000004,-0.46,1521738.1,727096.831,,,,,,,20231214.0,20231214
2023-12-15,601398.SH,4.35,4.37,4.31,4.31,4.35,-0.04,-0.92,1953904.87,929151.542,,,,,,,20231215.0,20231215
2023-12-18,601398.SH,4.31,4.38,4.29,4.35,4.31,0.04,0.93,2380762.15,1134338.057,,,,,,,20231218.0,20231218
2023-12-19,601398.SH,4.35,4.38,4.34,4.37,4.35,0.0200000000000004,0.46,1753940.13,840048.362,,,,,,,20231219.0,20231219
2023-12-20,601398.SH,4.38,4.4,4.35,4.37,4.37,0.0,0.0,2219819.82,1066878.03,,,,,,,20231220.0,20231220
2023-12-21,601398.SH,4.36,4.38,4.31,4.37,4.37,0.0,0.0,2465344.66,1174701.829,,,,,,,20231221.0,20231221
2023-12-22,601398.SH,4.37,4.38,4.34,4.36,4.37,-0.0099999999999997,-0.23,2218555.54,1060976.699,,,,,,,20231222.0,20231222
2023-12-25,601398.SH,4.35,4.39,4.35,4.38,4.36,0.0199999999999995,0.46,1094809.35,524989.286,,,,,,,20231225.0,20231225
2023-12-26,601398.SH,4.38,4.39,4.37,4.39,4.38,0.0099999999999997,0.23,1487371.76,715555.035,,,,,,,20231226.0,20231226
2023-12-27,601398.SH,4.39,4.41,4.36,4.4,4.39,0.0100000000000006,0.23,1843188.2,886215.652,,,,,,,20231227.0,20231227
2023-12-28,601398.SH,4.4,4.42,4.35,4.35,4.4,-0.0500000000000007,-1.14,3465162.02,1664753.044,,,,,,,20231228.0,20231228
2023-12-29,601398.SH,4.36,4.38,4.35,4.36,4.35,0.0100000000000006,0.23,1800477.63,861564.197,,,,,,,20231229.0,20231229
2024-01-02,601398.SH,4.36,4.4,4.35,4.37,4.36,0.0099999999999997,0.23,2071811.11,995101.442,,,,,,,20240102.0,20240102
2024-01-03,601398.SH,4.37,4.42,4.36,4.41,4.37,0.04,0.92,2488954.27,1201719.346,,,,,,,20240103.0,20240103
2024-01-04,601398.SH,4.41,4.47,4.4,4.46,4.41,0.0499999999999998,1.13,2865675.59,1396443.521,,,,,,,20240104.0,20240104
2024-01-05,601398.SH,4.46,4.5,4.43,4.44,4.46,-0.0199999999999995,-0.45,2860747.2,1403610.998,,,,,,,20240105.0,20240105
2024-01-08,601398.SH,4.44,4.48,4.42,4.45,4.44,0.0099999999999997,0.23,3252257.28,1588242.673,,,,,,,20240108.0,20240108
2024-01-09,601398.SH,4.45,4.46,4.4,4.45,4.45,0.0,0.0,2257344.56,1097994.737,,,,,,,20240109.0,20240109
2024-01-10,601398.SH,4.44,4.48,4.4,4.42,4.45,-0.0300000000000002,-0.67,2342434.92,1138531.555,,,,,,,20240110.0,20240110
2024-01-11,601398.SH,4.41,4.42,4.35,4.36,4.42,-0.0599999999999996,-1.36,3306668.51,1587950.047,,,,,,,20240111.0,20240111
2024-01-12,601398.SH,4.35,4.4,4.34,4.39,4.36,0.0299999999999993,0.69,2300664.93,1105695.049,,,,,,,20240112.0,20240112
2024-01-15,601398.SH,4.38,4.43,4.37,4.43,4.39,0.04,0.91,1810482.9,874409.887,,,,,,,20240115.0,20240115
2024-01-16,601398.SH,4.41,4.47,4.41,4.46,4.43,0.0300000000000002,0.68,2480399.13,1207827.031,,,,,,,20240116.0,20240116
2024-01-17,601398.SH,4.45,4.47,4.41,4.41,4.46,-0.0499999999999998,-1.12,2766317.05,1349034.066,,,,,,,20240117.0,20240117
2024-01-18,601398.SH,4.4,4.45,4.3,4.42,4.41,0.0099999999999997,0.23,5232772.95,2503424.284,,,,,,,20240118.0,20240118
2024-01-19,601398.SH,4.4,4.46,4.37,4.46,4.42,0.04,0.9,3867215.35,1875529.373,,,,,,,20240119.0,20240119
2024-01-22,601398.SH,4.44,4.5,4.43,4.46,4.46,0.0,0.0,4420635.13,2173336.066,,,,,,,20240122.0,20240122
2024-01-23,601398.SH,4.46,4.49,4.41,4.46,4.46,0.0,0.0,3107488.1,1515560.674,,,,,,,20240123.0,20240123
2024-01-24,601398.SH,4.47,4.54,4.45,4.53,4.46,0.0700000000000002,1.57,3348474.64,1650534.905,,,,,,,20240124.0,20240124
2024-01-25,601398.SH,4.54,4.6,4.53,4.57,4.53,0.04,0.88,3437583.76,1721285.077,,,,,,,20240125.0,20240125
2024-01-26,601398.SH,4.57,4.66,4.55,4.64,4.57,0.0699999999999994,1.53,3899367.54,1970826.387,,,,,,,20240126.0,20240126
2024-01-29,601398.SH,4.63,4.74,4.63,4.7,4.64,0.0600000000000005,1.29,3844041.39,1981081.369,,,,,,,20240129.0,20240129
2024-01-30,601398.SH,4.69,4.72,4.64,4.68,4.7,-0.0200000000000004,-0.43,2914816.62,1498554.326,,,,,,,20240130.0,20240130
2024-01-31,601398.SH,4.67,4.73,4.65,4.71,4.68,0.0300000000000002,0.64,2963858.63,1525456.799,,,,,,,20240131.0,20240131
2024-02-01,601398.SH,4.7,4.74,4.68,4.69,4.71,-0.0199999999999995,-0.42,2993715.09,1544401.622,,,,,,,20240201.0,20240201
2024-02-02,601398.SH,4.69,4.74,4.64,4.71,4.69,0.0199999999999995,0.43,4075978.19,2103998.356,,,,,,,20240202.0,20240202
2024-02-05,601398.SH,4.71,4.83,4.7,4.82,4.71,0.1100000000000003,2.34,6159388.32,3242203.982,,,,,,,20240205.0,20240205
2024-02-06,601398.SH,4.82,4.9,4.8,4.85,4.82,0.0299999999999993,0.62,5649136.91,3006603.608,,,,,,,20240206.0,20240206
2024-02-07,601398.SH,4.84,4.84,4.63,4.77,4.85,-0.08,-1.65,7753354.96,4010563.947,,,,,,,20240207.0,20240207
2024-02-08,601398.SH,4.7,4.71,4.64,4.7,4.77,-0.0699999999999994,-1.47,4653693.43,2383629.316,,,,,,,20240208.0,20240208
2024-02-19,601398.SH,4.7,4.81,4.65,4.8,4.7,0.0999999999999996,2.13,4797143.86,2503180.356,,,,,,,20240219.0,20240219
2024-02-20,601398.SH,4.8,4.89,4.77,4.88,4.8,0.08,1.67,3059780.96,1626681.256,,,,,,,20240220.0,20240220
2024-02-21,601398.SH,4.87,4.99,4.86,4.93,4.88,0.0499999999999998,1.02,3467348.93,1875270.275,,,,,,,20240221.0,20240221
2024-02-22,601398.SH,4.92,4.95,4.89,4.94,4.93,0.0100000000000006,0.2,2231278.68,1204599.969,,,,,,,20240222.0,20240222
2024-02-23,601398.SH,4.93,5.03,4.93,5.0,4.94,0.0599999999999996,1.21,3583185.46,1967299.036,,,,,,,20240223.0,20240223
2024-02-26,601398.SH,5.0,5.0,4.83,4.85,5.0,-0.1500000000000003,-3.0,3677178.6,1977747.711,,,,,,,20240226.0,20240226
2024-02-27,601398.SH,4.83,4.89,4.79,4.83,4.85,-0.0199999999999995,-0.41,2940999.47,1560959.829,,,,,,,20240227.0,20240227
2024-02-28,601398.SH,4.83,4.9,4.77,4.86,4.83,0.0300000000000002,0.62,3806093.95,2021720.033,,,,,,,20240228.0,20240228
2024-02-29,601398.SH,4.84,4.89,4.83,4.86,4.86,0.0,0.0,2520777.65,1342717.318,,,,,,,20240229.0,20240229
2024-03-01,601398.SH,4.85,4.88,4.82,4.87,4.86,0.0099999999999997,0.21,2477511.46,1317310.136,,,,,,,20240301.0,20240301
2024-03-04,601398.SH,4.85,4.87,4.81,4.85,4.87,-0.0200000000000004,-0.41,2557572.75,1359409.11,,,,,,,20240304.0,20240304
2024-03-05,601398.SH,4.85,5.0,4.83,4.98,4.85,0.1300000000000007,2.68,4298467.12,2323265.996,,,,,,,20240305.0,20240305
2024-03-06,601398.SH,4.97,5.01,4.88,4.88,4.98,-0.1000000000000005,-2.01,3527871.55,1910626.811,,,,,,,20240306.0,20240306
2024-03-07,601398.SH,4.88,4.92,4.87,4.9,4.88,0.0200000000000004,0.41,3074594.09,1650760.69,,,,,,,20240307.0,20240307
2024-03-08,601398.SH,4.9,4.92,4.87,4.91,4.9,0.0099999999999997,0.2,2472003.99,1328152.98,,,,,,,20240308.0,20240308
2024-03-11,601398.SH,4.9,4.91,4.86,4.9,4.91,-0.0099999999999997,-0.2,2243026.48,1200710.433,,,,,,,20240311.0,20240311
2024-03-12,601398.SH,4.89,4.89,4.73,4.74,4.9,-0.1600000000000001,-3.27,5117147.72,2688688.96,,,,,,,20240312.0,20240312
2024-03-13,601398.SH,4.73,4.75,4.69,4.71,4.74,-0.0300000000000002,-0.63,3003607.21,1555083.541,,,,,,,20240313.0,20240313
2024-03-14,601398.SH,4.7,4.77,4.69,4.73,4.71,0.0200000000000004,0.42,2413114.21,1253072.994,,,,,,,20240314.0,20240314
2024-03-15,601398.SH,4.73,4.78,4.73,4.75,4.73,0.0199999999999995,0.42,2258614.2,1177297.474,,,,,,,20240315.0,20240315
2024-03-18,601398.SH,4.75,4.76,4.71,4.72,4.75,-0.0300000000000002,-0.63,1911734.51,991424.88,,,,,,,20240318.0,20240318
2024-03-19,601398.SH,4.72,4.74,4.7,4.7,4.72,-0.0199999999999995,-0.42,2028046.19,1048062.766,,,,,,,20240319.0,20240319
2024-03-20,601398.SH,4.7,4.76,4.67,4.74,4.7,0.04,0.85,2453975.99,1270999.033,,,,,,,20240320.0,20240320
2024-03-21,601398.SH,4.74,4.78,4.72,4.76,4.74,0.0199999999999995,0.42,2051062.53,1069468.123,,,,,,,20240321.0,20240321
2024-03-22,601398.SH,4.77,4.8,4.72,4.79,4.76,0.0300000000000002,0.63,2657844.34,1390667.475,,,,,,,20240322.0,20240322
2024-03-25,601398.SH,4.79,4.82,4.78,4.82,4.79,0.0300000000000002,0.63,2374081.0,1252612.475,,,,,,,20240325.0,20240325
2024-03-26,601398.SH,4.82,4.86,4.8,4.86,4.82,0.04,0.83,2433596.24,1289061.751,,,,,,,20240326.0,20240326
2024-03-27,601398.SH,4.85,4.91,4.83,4.89,4.86,0.0299999999999993,0.62,2907078.55,1558334.37,,,,,,,20240327.0,20240327
2024-03-28,601398.SH,4.87,4.88,4.76,4.79,4.89,-0.0999999999999996,-2.04,3978897.68,2091220.999,,,,,,,20240328.0,20240328
2024-03-29,601398.SH,4.79,4.86,4.77,4.81,4.79,0.0199999999999995,0.42,2298122.71,1217142.787,,,,,,,20240329.0,20240329
2024-04-01,601398.SH,4.81,4.85,4.8,4.82,4.81,0.0100000000000006,0.21,2019199.27,1069899.178,,,,,,,20240401.0,20240401
2024-04-02,601398.SH,4.82,4.89,4.81,4.87,4.82,0.0499999999999998,1.04,3142501.34,1675629.707,,,,,,,20240402.0,20240402
2024-04-03,601398.SH,4.87,4.89,4.83,4.86,4.87,-0.0099999999999997,-0.21,2182241.33,1164487.633,,,,,,,20240403.0,20240403
2024-04-08,601398.SH,4.86,4.93,4.84,4.92,4.86,0.0599999999999996,1.23,3070468.83,1649825.52,,,,,,,20240408.0,20240408
2024-04-09,601398.SH,4.92,4.96,4.85,4.86,4.92,-0.0599999999999996,-1.22,3139150.16,1683877.064,,,,,,,20240409.0,20240409
2024-04-10,601398.SH,4.87,4.91,4.85,4.87,4.86,0.0099999999999997,0.21,2449472.47,1311190.477,,,,,,,20240410.0,20240410
2024-04-11,601398.SH,4.85,4.87,4.8,4.85,4.87,-0.0200000000000004,-0.41,2002637.55,1064148.84,,,,,,,20240411.0,20240411
2024-04-12,601398.SH,4.85,4.88,4.82,4.85,4.85,0.0,0.0,2483943.69,1321908.574,,,,,,,20240412.0,20240412
2024-04-15,601398.SH,4.86,4.95,4.86,4.94,4.85,0.0900000000000007,1.86,4012439.4,2162688.286,,,,,,,20240415.0,20240415
2024-04-16,601398.SH,4.94,5.01,4.9,4.99,4.94,0.0499999999999998,1.01,4000692.53,2183179.673,,,,,,,20240416.0,20240416
2024-04-17,601398.SH,4.97,5.03,4.91,5.01,4.99,0.0199999999999995,0.4,3322041.61,1811875.418,,,,,,,20240417.0,20240417
2024-04-18,601398.SH,5.01,5.13,5.0,5.03,5.01,0.0200000000000004,0.4,3879727.59,2153809.249,,,,,,,20240418.0,20240418
2024-04-19,601398.SH,5.01,5.1,5.01,5.06,5.03,0.0299999999999993,0.6,2559405.97,1421250.834,,,,,,,20240419.0,20240419
2024-04-22,601398.SH,5.08,5.14,4.99,5.0,5.06,-0.0599999999999996,-1.19,3275212.49,1813431.121,,,,,,,20240422.0,20240422
2024-04-23,601398.SH,5.01,5.09,4.98,5.01,5.0,0.0099999999999997,0.2,3309129.67,1827802.629,,,,,,,20240423.0,20240423
2024-04-24,601398.SH,5.01,5.03,4.98,4.99,5.01,-0.0199999999999995,-0.4,2360259.75,1292875.949,,,,,,,20240424.0,20240424
2024-04-25,601398.SH,5.0,5.01,4.97,5.01,4.99,0.0199999999999995,0.4,1650745.56,903595.425,,,,,,,20240425.0,20240425
2024-04-26,601398.SH,5.01,5.05,4.91,4.92,5.01,-0.0899999999999998,-1.8,4710331.31,2563059.301,,,,,,,20240426.0,20240426
2024-04-29,601398.SH,4.91,4.96,4.87,4.9,4.92,-0.0199999999999995,-0.41,3490150.64,1882123.563,,,,,,,20240429.0,20240429
2024-04-30,601398.SH,4.9,4.97,4.89,4.95,4.9,0.0499999999999998,1.02,2601743.83,1410153.799,,,,,,,20240430.0,20240430
2024-05-06,601398.SH,4.97,4.99,4.89,4.9,4.95,-0.0499999999999998,-1.01,4058714.0,2189241.442,,,,,,,20240506.0,20240506
2024-05-07,601398.SH,4.9,4.93,4.88,4.92,4.9,0.0199999999999995,0.41,2781631.43,1495708.24,,,,,,,20240507.0,20240507
2024-05-08,601398.SH,4.92,4.97,4.9,4.93,4.92,0.0099999999999997,0.2,2967672.33,1608594.647,,,,,,,20240508.0,20240508
2024-05-09,601398.SH,4.92,4.93,4.9,4.9,4.93,-0.0299999999999993,-0.61,2401955.98,1293993.946,,,,,,,20240509.0,20240509
2024-05-10,601398.SH,4.91,4.94,4.9,4.92,4.9,0.0199999999999995,0.41,2646861.14,1429642.027,,,,,,,20240510.0,20240510
2024-05-13,601398.SH,4.92,4.95,4.89,4.93,4.92,0.0099999999999997,0.2,2390939.56,1289851.74,,,,,,,20240513.0,20240513
2024-05-14,601398.SH,4.93,4.93,4.89,4.9,4.93,-0.0299999999999993,-0.61,2578666.93,1387229.378,,,,,,,20240514.0,20240514
2024-05-15,601398.SH,4.9,4.91,4.89,4.9,4.9,0.0,0.0,1427081.45,766846.437,,,,,,,20240515.0,20240515
2024-05-16,601398.SH,4.9,4.94,4.89,4.93,4.9,0.0299999999999993,0.61,2971888.55,1603335.346,,,,,,,20240516.0,20240516
2024-05-17,601398.SH,4.93,4.99,4.91,4.99,4.93,0.0600000000000005,1.22,3830016.26,2079470.08,,,,,,,20240517.0,20240517
2024-05-20,601398.SH,4.99,5.04,4.96,4.98,4.99,-0.0099999999999997,-0.2,3318202.67,1817190.585,,,,,,,20240520.0,20240520
2024-05-21,601398.SH,4.98,5.02,4.96,5.01,4.98,0.0299999999999993,0.6,2736760.42,1498524.386,,,,,,,20240521.0,20240521
2024-05-22,601398.SH,5.01,5.05,5.01,5.02,5.01,0.0099999999999997,0.2,2458440.77,1356650.24,,,,,,,20240522.0,20240522
2024-05-23,601398.SH,5.03,5.04,4.99,5.01,5.02,-0.0099999999999997,-0.2,2241625.38,1231956.387,,,,,,,20240523.0,20240523
2024-05-24,601398.SH,5.01,5.02,4.96,4.96,5.01,-0.0499999999999998,-1.0,2261860.85,1238699.584,,,,,,,20240524.0,20240524
2024-05-27,601398.SH,4.97,5.01,4.96,5.0,4.96,0.04,0.81,2155681.86,1178996.874,,,,,,,20240527.0,20240527
2024-05-28,601398.SH,5.0,5.02,4.98,5.01,5.0,0.0099999999999997,0.2,1957240.15,1074148.916,,,,,,,20240528.0,20240528
2024-05-29,601398.SH,5.01,5.02,4.97,4.99,5.01,-0.0199999999999995,-0.4,2277199.46,1247889.692,,,,,,,20240529.0,20240529
2024-05-30,601398.SH,4.99,5.0,4.94,4.96,4.99,-0.0300000000000002,-0.6,2239850.68,1219754.897,,,,,,,20240530.0,20240530
2024-05-31,601398.SH,4.97,4.99,4.95,4.95,4.96,-0.0099999999999997,-0.2,2037423.14,1110323.552,,,,,,,20240531.0,20240531
2024-06-03,601398.SH,4.95,4.97,4.93,4.96,4.95,0.0099999999999997,0.2,2157727.21,1171716.314,,,,,,,20240603.0,20240603
2024-06-04,601398.SH,4.96,4.99,4.96,4.99,4.96,0.0300000000000002,0.6,1756287.96,958146.651,,,,,,,20240604.0,20240604
2024-06-05,601398.SH,4.99,5.0,4.97,4.98,4.99,-0.0099999999999997,-0.2,1889975.45,1031778.716,,,,,,,20240605.0,20240605
2024-06-06,601398.SH,4.98,5.01,4.97,4.98,4.98,0.0,0.0,2375214.46,1298076.592,,,,,,,20240606.0,20240606
2024-06-07,601398.SH,4.98,5.03,4.97,5.03,4.98,0.0499999999999998,1.0,2972943.46,1633744.047,,,,,,,20240607.0,20240607
2024-06-11,601398.SH,5.03,5.05,4.96,4.96,5.03,-0.0700000000000002,-1.39,3337614.44,1829863.373,,,,,,,20240611.0,20240611
2024-06-12,601398.SH,4.96,4.97,4.89,4.92,4.96,-0.04,-0.81,3234761.83,1745522.08,,,,,,,20240612.0,20240612
2024-06-13,601398.SH,4.92,4.96,4.91,4.95,4.92,0.0300000000000002,0.61,1804744.5,977764.799,,,,,,,20240613.0,20240613
2024-06-14,601398.SH,4.95,5.03,4.94,5.01,4.95,0.0599999999999996,1.21,3698140.97,2027587.055,,,,,,,20240614.0,20240614
2024-06-17,601398.SH,5.01,5.01,4.92,4.95,5.01,-0.0599999999999996,-1.2,2737858.28,1489815.818,,,,,,,20240617.0,20240617
2024-06-18,601398.SH,4.94,4.98,4.91,4.97,4.95,0.0199999999999995,0.4,2010650.32,1091725.781,,,,,,,20240618.0,20240618
2024-06-19,601398.SH,4.96,5.01,4.96,5.01,4.97,0.04,0.8,2479370.06,1360484.56,,,,,,,20240619.0,20240619
2024-06-20,601398.SH,5.01,5.03,5.0,5.03,5.01,0.0200000000000004,0.4,2133766.62,1175329.569,,,,,,,20240620.0,20240620
2024-06-21,601398.SH,5.02,5.04,5.0,5.02,5.03,-0.0100000000000006,-0.2,2248273.78,1239151.678,,,,,,,20240621.0,20240621
2024-06-24,601398.SH,5.02,5.09,5.01,5.08,5.02,0.0600000000000005,1.2,3317211.47,1839293.338,,,,,,,20240624.0,20240624
2024-06-25,601398.SH,5.07,5.11,5.06,5.11,5.08,0.0300000000000002,0.59,2924741.47,1633949.389,,,,,,,20240625.0,20240625
2024-06-26,601398.SH,5.11,5.16,5.1,5.13,5.11,0.0199999999999995,0.39,2524705.34,1420409.162,,,,,,,20240626.0,20240626
2024-06-27,601398.SH,5.12,5.21,5.11,5.2,5.13,0.0700000000000002,1.36,3156535.8,1788966.261,,,,,,,20240627.0,20240627
2024-06-28,601398.SH,5.19,5.21,5.15,5.2,5.2,0.0,0.0,2685533.36,1525746.42,,,,,,,20240628.0,20240628
2024-07-01,601398.SH,5.19,5.33,5.18,5.31,5.2,0.1099999999999994,2.12,3202846.26,1854826.332,,,,,,,20240701.0,20240701
2024-07-02,601398.SH,5.31,5.45,5.3,5.44,5.31,0.1300000000000007,2.45,3770405.33,2234061.03,,,,,,,20240702.0,20240702
2024-07-03,601398.SH,5.43,5.45,5.33,5.37,5.44,-0.0700000000000002,-1.29,2743718.79,1619018.146,,,,,,,20240703.0,20240703
2024-07-04,601398.SH,5.37,5.45,5.36,5.43,5.37,0.0599999999999996,1.12,2618980.11,1556909.212,,,,,,,20240704.0,20240704
2024-07-05,601398.SH,5.43,5.47,5.3,5.32,5.43,-0.1099999999999994,-2.03,3993119.82,2341435.825,,,,,,,20240705.0,20240705
2024-07-08,601398.SH,5.31,5.42,5.3,5.37,5.32,0.0499999999999998,0.94,2883648.82,1699967.172,,,,,,,20240708.0,20240708
2024-07-09,601398.SH,5.37,5.42,5.33,5.42,5.37,0.0499999999999998,0.93,2955343.19,1746477.244,,,,,,,20240709.0,20240709
2024-07-10,601398.SH,5.42,5.48,5.42,5.47,5.42,0.0499999999999998,0.92,2876301.33,1720936.653,,,,,,,20240710.0,20240710
2024-07-11,601398.SH,5.47,5.47,5.34,5.41,5.47,-0.0599999999999996,-1.1,3767984.73,2229396.343,,,,,,,20240711.0,20240711
2024-07-12,601398.SH,5.4,5.56,5.39,5.54,5.41,0.1299999999999999,2.4,4009672.81,2418946.581,,,,,,,20240712.0,20240712
2024-07-15,601398.SH,5.55,5.69,5.52,5.65,5.54,0.1100000000000003,1.99,4289582.6,2640918.177,,,,,,,20240715.0,20240715
2024-07-16,601398.SH,5.68,5.73,5.59,5.65,5.65,0.0,0.0,5035591.21,2966243.649,,,,,,,20240716.0,20240716
2024-07-17,601398.SH,5.64,5.7,5.6,5.67,5.65,0.0199999999999995,0.35,3218991.85,1898464.088,,,,,,,20240717.0,20240717
2024-07-18,601398.SH,5.66,5.68,5.62,5.67,5.67,0.0,0.0,2553864.18,1505808.655,,,,,,,20240718.0,20240718
2024-07-19,601398.SH,5.66,5.68,5.59,5.67,5.67,0.0,0.0,3601439.72,2112440.788,,,,,,,20240719.0,20240719
2024-07-22,601398.SH,5.64,5.65,5.53,5.6,5.67,-0.0700000000000002,-1.23,3230606.57,1879506.552,,,,,,,20240722.0,20240722
2024-07-23,601398.SH,5.59,5.82,5.58,5.77,5.6,0.1699999999999999,3.04,5081438.09,3034821.327,,,,,,,20240723.0,20240723
2024-07-24,601398.SH,5.76,5.86,5.75,5.82,5.77,0.0500000000000007,0.87,3184497.85,1929595.59,,,,,,,20240724.0,20240724
2024-07-25,601398.SH,5.81,5.87,5.73,5.82,5.82,0.0,0.0,4114786.68,2488088.46,,,,,,,20240725.0,20240725
2024-07-26,601398.SH,5.81,5.83,5.62,5.69,5.82,-0.1299999999999999,-2.23,4159456.31,2462785.2,,,,,,,20240726.0,20240726
2024-07-29,601398.SH,5.68,5.74,5.6,5.74,5.69,0.0499999999999998,0.88,2618931.27,1555917.031,,,,,,,20240729.0,20240729
2024-07-30,601398.SH,5.73,5.79,5.67,5.75,5.74,0.0099999999999997,0.17,2495335.09,1490211.571,,,,,,,20240730.0,20240730
2024-07-31,601398.SH,5.74,5.77,5.59,5.61,5.75,-0.1399999999999996,-2.43,4614729.59,2712777.024,,,,,,,20240731.0,20240731
2024-08-01,601398.SH,5.59,5.67,5.5,5.64,5.61,0.0299999999999993,0.53,3731393.97,2178941.279,,,,,,,20240801.0,20240801
2024-08-02,601398.SH,5.61,5.68,5.59,5.64,5.64,0.0,0.0,2814158.49,1655728.285,,,,,,,20240802.0,20240802
2024-08-05,601398.SH,5.64,5.71,5.59,5.63,5.64,-0.0099999999999997,-0.18,3195446.31,1883504.218,,,,,,,20240805.0,20240805
2024-08-06,601398.SH,5.64,5.65,5.55,5.57,5.63,-0.0599999999999996,-1.07,2754700.37,1604677.49,,,,,,,20240806.0,20240806
2024-08-07,601398.SH,5.59,5.64,5.57,5.59,5.57,0.0199999999999995,0.36,2270152.19,1326499.665,,,,,,,20240807.0,20240807
2024-08-08,601398.SH,5.59,5.64,5.58,5.63,5.59,0.04,0.72,1871759.43,1095813.858,,,,,,,20240808.0,20240808
2024-08-09,601398.SH,5.63,5.69,5.6,5.68,5.63,0.0499999999999998,0.89,1850788.05,1091650.499,,,,,,,20240809.0,20240809
2024-08-12,601398.SH,5.68,5.78,5.67,5.75,5.68,0.0700000000000002,1.23,2258478.36,1350053.507,,,,,,,20240812.0,20240812
2024-08-13,601398.SH,5.75,5.83,5.69,5.76,5.75,0.0099999999999997,0.17,2404186.94,1445004.523,,,,,,,20240813.0,20240813
2024-08-14,601398.SH,5.74,5.8,5.73,5.78,5.76,0.0200000000000004,0.35,1880448.15,1129757.322,,,,,,,20240814.0,20240814
2024-08-15,601398.SH,5.78,5.82,5.76,5.81,5.78,0.0299999999999993,0.52,2067400.74,1247677.39,,,,,,,20240815.0,20240815
2024-08-16,601398.SH,5.81,5.9,5.79,5.89,5.81,0.08,1.38,2701940.42,1647386.714,,,,,,,20240816.0,20240816
2024-08-19,601398.SH,5.89,6.04,5.85,6.02,5.89,0.1299999999999999,2.21,3388635.14,2104346.757,,,,,,,20240819.0,20240819
2024-08-20,601398.SH,6.01,6.14,6.0,6.13,6.02,0.1100000000000003,1.83,3995974.2,2534261.643,,,,,,,20240820.0,20240820
2024-08-21,601398.SH,6.09,6.1,6.0,6.05,6.13,-0.08,-1.31,3315883.2,2088630.842,,,,,,,20240821.0,20240821
2024-08-22,601398.SH,6.04,6.18,6.04,6.16,6.05,0.1100000000000003,1.82,3502301.55,2236501.392,,,,,,,20240822.0,20240822
2024-08-23,601398.SH,6.16,6.22,6.09,6.2,6.16,0.04,0.65,2656574.2,1706372.38,,,,,,,20240823.0,20240823
2024-08-26,601398.SH,6.18,6.21,6.09,6.17,6.2,-0.0300000000000002,-0.48,2673110.89,1712684.37,,,,,,,20240826.0,20240826
2024-08-27,601398.SH,6.16,6.29,6.15,6.27,6.17,0.0999999999999996,1.62,3232496.44,2103729.87,,,,,,,20240827.0,20240827
2024-08-28,601398.SH,6.27,6.31,6.18,6.23,6.27,-0.0399999999999991,-0.64,3147225.13,2043853.154,,,,,,,20240828.0,20240828
2024-08-29,601398.SH,6.22,6.23,5.95,5.97,6.23,-0.2600000000000007,-4.17,5573147.46,3505246.234,,,,,,,20240829.0,20240829
2024-08-30,601398.SH,5.93,5.99,5.72,5.74,5.97,-0.2299999999999995,-3.85,8807823.47,5320880.799,,,,,,,20240830.0,20240830
2024-09-02,601398.SH,5.66,5.76,5.64,5.7,5.74,-0.04,-0.7,5682401.73,3379236.044,,,,,,,20240902.0,20240902
2024-09-03,601398.SH,5.69,5.71,5.45,5.53,5.7,-0.1699999999999999,-2.98,6486401.29,3742967.424,,,,,,,20240903.0,20240903
2024-09-04,601398.SH,5.49,5.55,5.43,5.48,5.53,-0.0499999999999998,-0.9,3923314.35,2240822.277,,,,,,,20240904.0,20240904
2024-09-05,601398.SH,5.47,5.5,5.37,5.4,5.48,-0.08,-1.46,3835307.75,2163978.358,,,,,,,20240905.0,20240905
2024-09-06,601398.SH,5.4,5.5,5.39,5.41,5.4,0.0099999999999997,0.19,2906968.12,1651910.319,,,,,,,20240906.0,20240906
2024-09-09,601398.SH,5.4,5.42,5.29,5.38,5.41,-0.0300000000000002,-0.55,2821267.04,1576623.851,,,,,,,20240909.0,20240909
2024-09-10,601398.SH,5.38,5.49,5.37,5.44,5.38,0.0600000000000005,1.12,3683432.32,2088218.472,,,,,,,20240910.0,20240910
2024-09-11,601398.SH,5.43,5.44,5.28,5.32,5.44,-0.1200000000000001,-2.21,3597633.84,1999982.571,,,,,,,20240911.0,20240911
2024-09-12,601398.SH,5.29,5.34,5.23,5.32,5.32,0.0,0.0,2868535.63,1582711.061,,,,,,,20240912.0,20240912
2024-09-13,601398.SH,5.32,5.35,5.3,5.34,5.32,0.0199999999999995,0.38,2340486.96,1301691.998,,,,,,,20240913.0,20240913
2024-09-18,601398.SH,5.35,5.45,5.35,5.45,5.34,0.1100000000000003,2.06,2468394.04,1391412.407,,,,,,,20240918.0,20240918
2024-09-19,601398.SH,5.46,5.48,5.35,5.42,5.45,-0.0300000000000002,-0.55,2809968.06,1583072.175,,,,,,,20240919.0,20240919
2024-09-20,601398.SH,5.43,5.46,5.39,5.44,5.42,0.0200000000000004,0.37,2828323.21,1602117.689,,,,,,,20240920.0,20240920
2024-09-23,601398.SH,5.43,5.51,5.39,5.49,5.44,0.0499999999999998,0.92,2270376.87,1292978.895,,,,,,,20240923.0,20240923
2024-09-24,601398.SH,5.52,5.76,5.5,5.76,5.49,0.2699999999999996,4.92,6052048.99,3559231.107,,,,,,,20240924.0,20240924
2024-09-25,601398.SH,5.84,5.97,5.73,5.8,5.76,0.04,0.69,6298208.29,3830867.833,,,,,,,20240925.0,20240925
2024-09-26,601398.SH,5.8,5.96,5.76,5.95,5.8,0.1500000000000003,2.59,5216743.73,3190823.779,,,,,,,20240926.0,20240926
2024-09-27,601398.SH,6.0,6.08,5.68,5.77,5.95,-0.1800000000000006,-3.03,6872092.71,4133669.632,,,,,,,20240927.0,20240927
2024-09-30,601398.SH,5.77,6.06,5.59,5.93,5.77,0.1600000000000001,2.77,16161741.83,9720369.051,,,,,,,20240930.0,20240930
2024-10-08,601398.SH,6.24,6.39,5.8,5.87,5.93,-0.0599999999999996,-1.01,16882261.72,10602986.873,,,,,,,20241008.0,20241008
2024-10-09,601398.SH,5.82,5.92,5.74,5.8,5.87,-0.0700000000000002,-1.19,10090717.81,6133595.303,,,,,,,20241009.0,20241009
2024-10-10,601398.SH,5.81,6.14,5.8,6.02,5.8,0.2199999999999997,3.79,10915281.47,6791738.966,,,,,,,20241010.0,20241010
2024-10-11,601398.SH,6.0,6.13,5.95,6.02,6.02,0.0,0.0,5299528.28,3337751.104,,,,,,,20241011.0,20241011
2024-10-14,601398.SH,6.07,6.24,6.07,6.21,6.02,0.1900000000000004,3.16,7899211.18,5078881.017,,,,,,,20241014.0,20241014
2024-10-15,601398.SH,6.17,6.19,6.01,6.01,6.21,-0.2000000000000001,-3.22,4927691.57,3131385.265,,,,,,,20241015.0,20241015
2024-10-16,601398.SH,5.98,6.14,5.97,6.1,6.01,0.0899999999999998,1.5,4146145.8,2634359.939,,,,,,,20241016.0,20241016
2024-10-17,601398.SH,6.09,6.14,6.04,6.04,6.1,-0.0599999999999996,-0.98,3280813.17,2079129.206,,,,,,,20241017.0,20241017
2024-10-18,601398.SH,6.04,6.1,5.96,6.07,6.04,0.0300000000000002,0.5,5144521.81,3236239.707,,,,,,,20241018.0,20241018
2024-10-21,601398.SH,6.04,6.04,5.89,5.91,6.07,-0.1600000000000001,-2.64,5684649.07,3510955.376,,,,,,,20241021.0,20241021
2024-10-22,601398.SH,5.92,5.96,5.86,5.89,5.91,-0.0200000000000004,-0.34,4312714.79,2648200.619,,,,,,,20241022.0,20241022
2024-10-23,601398.SH,5.89,5.91,5.86,5.89,5.89,0.0,0.0,3068544.79,1883772.583,,,,,,,20241023.0,20241023
2024-10-24,601398.SH,5.88,5.95,5.87,5.91,5.89,0.0200000000000004,0.34,2887894.77,1778302.541,,,,,,,20241024.0,20241024
2024-10-25,601398.SH,5.9,5.92,5.85,5.87,5.91,-0.04,-0.68,2845289.99,1742297.128,,,,,,,20241025.0,20241025
2024-10-28,601398.SH,5.86,5.86,5.79,5.83,5.87,-0.04,-0.68,3295363.71,1995022.237,,,,,,,20241028.0,20241028
2024-10-29,601398.SH,5.83,5.86,5.81,5.82,5.83,-0.0099999999999997,-0.17,2938607.04,1785953.207,,,,,,,20241029.0,20241029
2024-10-30,601398.SH,5.81,5.83,5.76,5.77,5.82,-0.0500000000000007,-0.86,3054120.04,1839999.984,,,,,,,20241030.0,20241030
2024-10-31,601398.SH,5.8,5.85,5.77,5.8,5.77,0.0300000000000002,0.52,3052879.98,1844805.161,,,,,,,20241031.0,20241031
2024-11-01,601398.SH,5.8,5.9,5.79,5.9,5.8,0.1000000000000005,1.72,4512379.25,2760339.812,,,,,,,20241101.0,20241101
2024-11-04,601398.SH,5.9,5.9,5.81,5.88,5.9,-0.0200000000000004,-0.34,3180604.58,1937583.73,,,,,,,20241104.0,20241104
2024-11-05,601398.SH,5.85,5.9,5.84,5.9,5.88,0.0200000000000004,0.34,3125107.81,1914855.699,,,,,,,20241105.0,20241105
2024-11-06,601398.SH,5.88,5.9,5.83,5.84,5.9,-0.0600000000000005,-1.02,3450231.15,2106283.783,,,,,,,20241106.0,20241106
2024-11-07,601398.SH,5.83,5.9,5.82,5.9,5.84,0.0600000000000005,1.03,3794487.63,2318559.913,,,,,,,20241107.0,20241107
2024-11-08,601398.SH,5.9,5.92,5.85,5.86,5.9,-0.04,-0.68,3300424.36,2021389.761,,,,,,,20241108.0,20241108
2024-11-11,601398.SH,5.83,5.84,5.78,5.8,5.86,-0.0600000000000005,-1.02,3987301.71,2410772.377,,,,,,,20241111.0,20241111
2024-11-12,601398.SH,5.8,5.83,5.76,5.76,5.8,-0.04,-0.69,3292741.55,1984275.396,,,,,,,20241112.0,20241112
2024-11-13,601398.SH,5.76,5.83,5.74,5.8,5.76,0.04,0.69,3438857.92,2075207.458,,,,,,,20241113.0,20241113
2024-11-14,601398.SH,5.79,5.85,5.77,5.83,5.8,0.0300000000000002,0.52,3735264.84,2271181.11,,,,,,,20241114.0,20241114
2024-11-15,601398.SH,5.82,5.86,5.79,5.81,5.83,-0.0200000000000004,-0.34,3845232.75,2337086.119,,,,,,,20241115.0,20241115
2024-11-18,601398.SH,5.83,5.99,5.83,5.94,5.81,0.1300000000000007,2.24,6932424.8,4282442.406,,,,,,,20241118.0,20241118
2024-11-19,601398.SH,5.93,5.97,5.83,5.9,5.94,-0.04,-0.67,4294987.1,2648795.351,,,,,,,20241119.0,20241119
2024-11-20,601398.SH,5.88,5.93,5.87,5.89,5.9,-0.0100000000000006,-0.17,2682420.57,1649596.256,,,,,,,20241120.0,20241120
2024-11-21,601398.SH,5.88,5.9,5.86,5.88,5.89,-0.0099999999999997,-0.17,1809107.03,1107466.761,,,,,,,20241121.0,20241121
2024-11-22,601398.SH,5.89,5.9,5.81,5.81,5.88,-0.0700000000000002,-1.19,2978202.81,1814510.786,,,,,,,20241122.0,20241122
2024-11-25,601398.SH,5.82,5.88,5.81,5.83,5.81,0.0200000000000004,0.34,2903722.07,1770698.664,,,,,,,20241125.0,20241125
2024-11-26,601398.SH,5.83,5.93,5.81,5.91,5.83,0.08,1.37,3300041.49,2021400.613,,,,,,,20241126.0,20241126
2024-11-27,601398.SH,5.9,5.97,5.89,5.95,5.91,0.04,0.68,2883173.76,1783808.194,,,,,,,20241127.0,20241127
2024-11-28,601398.SH,5.94,5.97,5.9,5.94,5.95,-0.0099999999999997,-0.17,2018400.11,1248696.415,,,,,,,20241128.0,20241128
2024-11-29,601398.SH,5.94,5.98,5.89,5.9,5.94,-0.04,-0.67,2906465.13,1796519.084,,,,,,,20241129.0,20241129
2024-12-02,601398.SH,5.91,5.91,5.85,5.88,5.9,-0.0200000000000004,-0.34,2417479.89,1480654.067,,,,,,,20241202.0,20241202
2024-12-03,601398.SH,5.88,5.96,5.87,5.96,5.88,0.08,1.36,3385172.03,2090169.39,,,,,,,20241203.0,20241203
2024-12-04,601398.SH,5.96,6.03,5.92,6.01,5.96,0.0499999999999998,0.84,3572315.31,2228037.037,,,,,,,20241204.0,20241204
2024-12-05,601398.SH,6.0,6.07,5.98,6.01,6.01,0.0,0.0,2645283.22,1659231.378,,,,,,,20241205.0,20241205
2024-12-06,601398.SH,6.01,6.08,6.0,6.07,6.01,0.0600000000000005,1.0,3119630.37,1968098.516,,,,,,,20241206.0,20241206
2024-12-09,601398.SH,6.05,6.11,6.03,6.07,6.07,0.0,0.0,3127432.96,1982868.64,,,,,,,20241209.0,20241209
2024-12-10,601398.SH,6.09,6.19,6.07,6.16,6.07,0.0899999999999998,1.48,4372946.05,2792561.332,,,,,,,20241210.0,20241210
2024-12-11,601398.SH,6.14,6.19,6.05,6.06,6.16,-0.1000000000000005,-1.62,3870003.36,2461585.21,,,,,,,20241211.0,20241211
2024-12-12,601398.SH,6.07,6.16,6.06,6.16,6.06,0.1000000000000005,1.65,2901844.74,1851706.028,,,,,,,20241212.0,20241212
2024-12-13,601398.SH,6.14,6.19,6.1,6.13,6.16,-0.0300000000000002,-0.49,3890984.41,2494595.254,,,,,,,20241213.0,20241213
2024-12-16,601398.SH,6.13,6.31,6.12,6.27,6.13,0.1399999999999996,2.28,4715725.94,3074595.963,,,,,,,20241216.0,20241216
2024-12-17,601398.SH,6.26,6.32,6.25,6.25,6.27,-0.0199999999999995,-0.32,3138477.22,2053036.753,,,,,,,20241217.0,20241217
2024-12-18,601398.SH,6.28,6.38,6.27,6.32,6.25,0.0700000000000002,1.12,3489424.53,2301576.369,,,,,,,20241218.0,20241218
2024-12-19,601398.SH,6.31,6.34,6.22,6.23,6.32,-0.0899999999999998,-1.42,3615285.11,2360581.313,,,,,,,20241219.0,20241219
2024-12-20,601398.SH,6.24,6.34,6.24,6.27,6.23,0.0399999999999991,0.64,3765488.42,2467195.131,,,,,,,20241220.0,20241220
2024-12-23,601398.SH,6.27,6.49,6.27,6.43,6.27,0.1600000000000001,2.55,4871100.27,3253676.275,,,,,,,20241223.0,20241223
2024-12-24,601398.SH,6.44,6.52,6.38,6.51,6.43,0.08,1.24,4641473.68,3126875.532,,,,,,,20241224.0,20241224
2024-12-25,601398.SH,6.5,6.76,6.49,6.66,6.51,0.1500000000000003,2.3,6360901.32,4411842.457,,,,,,,20241225.0,20241225
2024-12-26,601398.SH,6.66,6.66,6.52,6.65,6.66,-0.0099999999999997,-0.15,4872522.64,3343500.772,,,,,,,20241226.0,20241226
2024-12-27,601398.SH,6.61,6.66,6.49,6.64,6.65,-0.0100000000000006,-0.15,5107040.6,3503590.982,,,,,,,20241227.0,20241227
2024-12-30,601398.SH,6.6,6.72,6.59,6.67,6.64,0.0300000000000002,0.45,4823303.17,3342787.449,,,,,,,20241230.0,20241230
2024-12-31,601398.SH,6.66,6.75,6.62,6.64,6.67,-0.0300000000000002,-0.45,5209801.74,3632600.718,,,,,,,20241231.0,20241231
2025-01-02,601398.SH,6.63,6.7,6.49,6.53,6.64,-0.1099999999999994,-1.66,5314824.65,3636887.2,,,,,,,20250102.0,20250102
2025-01-03,601398.SH,6.54,6.55,6.35,6.44,6.53,-0.0899999999999998,-1.38,5210739.86,3493034.297,,,,,,,20250103.0,20250103
2025-01-06,601398.SH,6.44,6.51,6.32,6.48,6.44,0.04,0.62,4742246.52,3180308.148,,,,,,,20250106.0,20250106
2025-01-07,601398.SH,6.48,6.58,6.43,6.56,6.48,0.0799999999999991,1.23,3820217.77,2534162.279,,,,,,,20250107.0,20250107
2025-01-08,601398.SH,6.56,6.7,6.54,6.62,6.56,0.0600000000000005,0.91,3996842.84,2703647.491,,,,,,,20250108.0,20250108
2025-01-09,601398.SH,6.62,6.63,6.53,6.58,6.62,-0.04,-0.6,2367234.19,1589593.952,,,,,,,20250109.0,20250109
2025-01-10,601398.SH,6.59,6.61,6.47,6.54,6.58,-0.04,-0.61,2620257.88,1748468.963,,,,,,,20250110.0,20250110
2025-01-13,601398.SH,6.53,6.54,6.36,6.47,6.54,-0.0700000000000002,-1.07,3306032.82,2177310.84,,,,,,,20250113.0,20250113
2025-01-14,601398.SH,6.46,6.52,6.43,6.48,6.47,0.0100000000000006,0.15,3418852.64,2259932.309,,,,,,,20250114.0,20250114
2025-01-15,601398.SH,6.47,6.6,6.45,6.5,6.48,0.0199999999999995,0.31,3075982.74,2046662.181,,,,,,,20250115.0,20250115
2025-01-16,601398.SH,6.51,6.56,6.44,6.55,6.5,0.0499999999999998,0.77,2674681.38,1778119.565,,,,,,,20250116.0,20250116
2025-01-17,601398.SH,6.54,6.57,6.47,6.48,6.55,-0.0699999999999994,-1.07,2781346.35,1846159.116,,,,,,,20250117.0,20250117
2025-01-20,601398.SH,6.49,6.5,6.43,6.44,6.48,-0.04,-0.62,2273622.56,1498234.582,,,,,,,20250120.0,20250120
2025-01-21,601398.SH,6.45,6.48,6.39,6.42,6.44,-0.0200000000000004,-0.31,2157435.37,1417436.127,,,,,,,20250121.0,20250121
2025-01-22,601398.SH,6.41,6.43,6.27,6.31,6.42,-0.1100000000000003,-1.71,4111693.63,2658494.738,,,,,,,20250122.0,20250122
2025-01-23,601398.SH,6.35,6.56,6.35,6.53,6.31,0.2200000000000006,3.49,5446820.03,3602828.423,,,,,,,20250123.0,20250123
2025-01-24,601398.SH,6.54,6.59,6.44,6.54,6.53,0.0099999999999997,0.15,3282052.11,2189475.262,,,,,,,20250124.0,20250124
2025-01-27,601398.SH,6.55,6.71,6.55,6.68,6.54,0.1399999999999996,2.14,3718662.19,2529075.691,,,,,,,20250127.0,20250127
2025-02-05,601398.SH,6.68,6.7,6.55,6.56,6.68,-0.1200000000000001,-1.8,3305406.17,2222211.105,,,,,,,20250205.0,20250205
2025-02-06,601398.SH,6.57,6.62,6.52,6.56,6.56,0.0,0.0,2644237.25,1768795.001,,,,,,,20250206.0,20250206
2025-02-07,601398.SH,6.54,6.56,6.48,6.56,6.56,0.0,0.0,3676439.0,2445156.83,,,,,,,20250207.0,20250207
2025-02-10,601398.SH,6.53,6.61,6.51,6.54,6.56,-0.0199999999999995,-0.3,3119268.33,2088870.492,,,,,,,20250210.0,20250210
2025-02-11,601398.SH,6.55,6.68,6.55,6.68,6.54,0.1399999999999996,2.14,3941954.1,2664073.222,,,,,,,20250211.0,20250211
2025-02-12,601398.SH,6.67,6.78,6.6,6.76,6.68,0.08,1.2,3257811.48,2231545.258,,,,,,,20250212.0,20250212
2025-02-13,601398.SH,6.75,6.85,6.73,6.82,6.76,0.0600000000000005,0.89,2945244.26,2045526.566,,,,,,,20250213.0,20250213
2025-02-14,601398.SH,6.82,6.86,6.76,6.85,6.82,0.0299999999999993,0.44,2531577.91,1759162.065,,,,,,,20250214.0,20250214
2025-02-17,601398.SH,6.84,6.86,6.77,6.82,6.85,-0.0299999999999993,-0.44,2713460.03,1885698.489,,,,,,,20250217.0,20250217
2025-02-18,601398.SH,6.81,7.0,6.8,6.95,6.82,0.1299999999999999,1.91,3975121.35,2808344.232,,,,,,,20250218.0,20250218
2025-02-19,601398.SH,6.94,6.98,6.89,6.91,6.95,-0.04,-0.58,3220723.43,2274371.586,,,,,,,20250219.0,20250219
2025-02-20,601398.SH,6.9,6.95,6.86,6.94,6.91,0.0300000000000002,0.43,2513266.56,1772394.388,,,,,,,20250220.0,20250220
2025-02-21,601398.SH,6.92,6.93,6.77,6.79,6.94,-0.1500000000000003,-2.16,5772098.0,4021172.959,,,,,,,20250221.0,20250221
2025-02-24,601398.SH,6.76,6.8,6.68,6.75,6.79,-0.04,-0.59,4373309.85,3008552.846,,,,,,,20250224.0,20250224
2025-02-25,601398.SH,6.75,6.79,6.69,6.72,6.75,-0.0300000000000002,-0.44,3139844.75,2159709.477,,,,,,,20250225.0,20250225
2025-02-26,601398.SH,6.72,6.8,6.7,6.74,6.72,0.0200000000000004,0.3,3293700.1,2269557.031,,,,,,,20250226.0,20250226
2025-02-27,601398.SH,6.72,6.81,6.62,6.79,6.74,0.0499999999999998,0.74,4391902.34,3015352.621,,,,,,,20250227.0,20250227
2025-02-28,601398.SH,6.76,6.84,6.73,6.73,6.79,-0.0599999999999996,-0.88,4315896.2,2985870.129,,,,,,,20250228.0,20250228
2025-03-03,601398.SH,6.73,6.75,6.64,6.71,6.73,-0.0200000000000004,-0.3,3964019.25,2705652.927,,,,,,,20250303.0,20250303
2025-03-04,601398.SH,6.68,6.7,6.64,6.64,6.71,-0.0700000000000002,-1.04,3436561.71,2336781.175,,,,,,,20250304.0,20250304
2025-03-05,601398.SH,6.63,6.76,6.6,6.73,6.64,0.0900000000000007,1.36,4599123.6,3147082.337,,,,,,,20250305.0,20250305
2025-03-06,601398.SH,6.71,6.72,6.65,6.69,6.73,-0.04,-0.59,3656712.05,2495349.517,,,,,,,20250306.0,20250306
2025-03-07,601398.SH,6.69,6.71,6.65,6.66,6.69,-0.0300000000000002,-0.45,3223755.78,2195284.348,,,,,,,20250307.0,20250307
2025-03-10,601398.SH,6.65,6.66,6.59,6.61,6.66,-0.0499999999999998,-0.75,3242116.47,2186689.995,,,,,,,20250310.0,20250310
2025-03-11,601398.SH,6.59,6.64,6.59,6.64,6.61,0.0299999999999993,0.45,2680002.41,1809114.543,,,,,,,20250311.0,20250311
2025-03-12,601398.SH,6.62,6.63,6.57,6.59,6.64,-0.0499999999999998,-0.75,3177702.18,2135384.159,,,,,,,20250312.0,20250312
2025-03-13,601398.SH,6.59,6.63,6.57,6.6,6.59,0.0099999999999997,0.15,2572950.17,1734795.847,,,,,,,20250313.0,20250313
2025-03-14,601398.SH,6.59,6.67,6.59,6.62,6.6,0.0200000000000004,0.3,4890721.29,3311312.295,,,,,,,20250314.0,20250314
2025-03-17,601398.SH,6.62,6.69,6.61,6.67,6.62,0.0499999999999998,0.76,3586198.28,2436756.611,,,,,,,20250317.0,20250317
2025-03-18,601398.SH,6.69,6.7,6.63,6.66,6.67,-0.0099999999999997,-0.15,2369528.1,1611444.863,,,,,,,20250318.0,20250318
2025-03-19,601398.SH,6.67,6.74,6.66,6.73,6.66,0.0700000000000002,1.05,3032694.2,2077764.026,,,,,,,20250319.0,20250319
2025-03-20,601398.SH,6.73,6.78,6.67,6.7,6.73,-0.0300000000000002,-0.45,3008452.41,2058985.286,,,,,,,20250320.0,20250320
2025-03-21,601398.SH,6.68,6.71,6.62,6.62,6.7,-0.08,-1.19,3087991.23,2096634.446,,,,,,,20250321.0,20250321
2025-03-24,601398.SH,6.62,6.71,6.62,6.68,6.62,0.0599999999999996,0.91,3060401.69,2084392.843,,,,,,,20250324.0,20250324
2025-03-25,601398.SH,6.69,6.73,6.67,6.71,6.68,0.0300000000000002,0.45,2318056.72,1587419.428,,,,,,,20250325.0,20250325
2025-03-26,601398.SH,6.72,6.74,6.67,6.69,6.71,-0.0199999999999995,-0.3,2337800.88,1598912.19,,,,,,,20250326.0,20250326
2025-03-27,601398.SH,6.68,6.75,6.68,6.73,6.69,0.04,0.6,2580278.1,1771784.348,,,,,,,20250327.0,20250327
2025-03-28,601398.SH,6.72,6.74,6.69,6.74,6.73,0.0099999999999997,0.15,2128381.48,1458086.737,,,,,,,20250328.0,20250328
2025-03-31,601398.SH,6.74,6.8,6.66,6.75,6.74,0.0099999999999997,0.15,4071337.79,2804461.039,,,,,,,20250331.0,20250331
2025-04-01,601398.SH,6.73,6.76,6.64,6.66,6.75,-0.0899999999999998,-1.33,4284291.19,2917602.553,,,,,,,20250401.0,20250401
2025-04-02,601398.SH,6.65,6.72,6.64,6.71,6.66,0.0499999999999998,0.75,3099744.34,2116421.3,,,,,,,20250402.0,20250402
2025-04-03,601398.SH,6.68,6.76,6.68,6.75,6.71,0.04,0.6,3061668.81,2102242.324,,,,,,,20250403.0,20250403
2025-04-07,601398.SH,6.66,6.68,6.47,6.62,6.75,-0.1299999999999999,-1.93,8491567.26,5702039.106,,,,,,,20250407.0,20250407
2025-04-08,601398.SH,6.57,6.7,6.55,6.68,6.62,0.0599999999999996,0.91,6712678.31,4544166.472,,,,,,,20250408.0,20250408
2025-04-09,601398.SH,6.65,6.75,6.61,6.66,6.68,-0.0199999999999995,-0.3,5661687.7,3844424.813,,,,,,,20250409.0,20250409
2025-04-10,601398.SH,6.66,6.66,6.6,6.62,6.66,-0.04,-0.6,4013375.08,2710599.655,,,,,,,20250410.0,20250410
2025-04-11,601398.SH,6.62,6.66,6.59,6.66,6.62,0.04,0.6,3475544.77,2348002.468,,,,,,,20250411.0,20250411
2025-04-14,601398.SH,6.64,6.76,6.63,6.73,6.66,0.0700000000000002,1.05,4394042.22,3007411.465,,,,,,,20250414.0,20250414
2025-04-15,601398.SH,6.73,6.83,6.72,6.82,6.73,0.0899999999999998,1.34,3841790.13,2662998.736,,,,,,,20250415.0,20250415
2025-04-16,601398.SH,6.82,6.92,6.79,6.92,6.82,0.0999999999999996,1.47,4132402.27,2892689.93,,,,,,,20250416.0,20250416
2025-04-17,601398.SH,6.91,6.94,6.82,6.91,6.92,-0.0099999999999997,-0.14,2639188.35,1851782.419,,,,,,,20250417.0,20250417
2025-04-18,601398.SH,6.9,7.03,6.89,7.0,6.91,0.0899999999999998,1.3,3884345.3,2766835.232,,,,,,,20250418.0,20250418
2025-04-21,601398.SH,6.99,7.11,6.91,6.91,7.0,-0.0899999999999998,-1.29,3742983.83,2668689.81,,,,,,,20250421.0,20250421
2025-04-22,601398.SH,6.91,7.02,6.9,7.01,6.91,0.0999999999999996,1.45,2997870.96,2134511.557,,,,,,,20250422.0,20250422
2025-04-23,601398.SH,7.0,7.03,6.93,6.97,7.01,-0.04,-0.57,2569772.81,1828680.838,,,,,,,20250423.0,20250423
2025-04-24,601398.SH,6.95,7.14,6.95,7.1,6.97,0.1299999999999999,1.87,3576108.7,2578423.054,,,,,,,20250424.0,20250424
2025-04-25,601398.SH,7.11,7.16,7.03,7.07,7.1,-0.0299999999999993,-0.42,2326019.76,1680542.606,,,,,,,20250425.0,20250425
2025-04-28,601398.SH,7.08,7.19,7.08,7.14,7.07,0.0699999999999994,0.99,2853765.8,2081021.042,,,,,,,20250428.0,20250428
2025-04-29,601398.SH,7.15,7.18,7.1,7.12,7.14,-0.0199999999999995,-0.28,2179737.89,1585106.865,,,,,,,20250429.0,20250429
2025-04-30,601398.SH,7.08,7.09,6.83,6.87,7.12,-0.25,-3.51,6449971.31,4547350.16,,,,,,,20250430.0,20250430
2025-05-06,601398.SH,6.87,6.89,6.79,6.84,6.87,-0.0300000000000002,-0.44,3663740.62,2553328.289,,,,,,,20250506.0,20250506
2025-05-07,601398.SH,6.87,6.97,6.83,6.97,6.84,0.1299999999999999,1.9,4336456.24,3063562.853,,,,,,,20250507.0,20250507
2025-05-08,601398.SH,6.95,7.03,6.94,6.97,6.97,0.0,0.0,2837120.76,2017330.424,,,,,,,20250508.0,20250508
2025-05-09,601398.SH,6.96,7.09,6.96,7.03,6.97,0.0600000000000005,0.86,3121965.48,2237795.766,,,,,,,20250509.0,20250509
2025-05-12,601398.SH,7.01,7.04,6.97,7.02,7.03,-0.0100000000000006,-0.14,2702769.88,1932351.708,,,,,,,20250512.0,20250512
2025-05-13,601398.SH,7.02,7.11,6.98,7.09,7.02,0.0700000000000002,1.0,2767459.46,1994786.847,,,,,,,20250513.0,20250513
2025-05-14,601398.SH,7.09,7.13,7.06,7.09,7.09,0.0,0.0,2868697.06,2076209.237,,,,,,,20250514.0,20250514
2025-05-15,601398.SH,7.09,7.14,7.08,7.12,7.09,0.0300000000000002,0.42,2702620.63,1961219.204,,,,,,,20250515.0,20250515
2025-05-16,601398.SH,7.11,7.15,6.98,7.02,7.12,-0.1000000000000005,-1.4,3935141.31,2821005.777,,,,,,,20250516.0,20250516
2025-05-19,601398.SH,7.02,7.06,6.97,6.98,7.02,-0.0399999999999991,-0.57,2566690.58,1835179.445,,,,,,,20250519.0,20250519
2025-05-20,601398.SH,7.0,7.02,6.96,6.99,6.98,0.0099999999999997,0.14,1976912.46,1409121.067,,,,,,,20250520.0,20250520
2025-05-21,601398.SH,6.99,7.05,6.97,7.0,6.99,0.0099999999999997,0.14,2540712.78,1817575.023,,,,,,,20250521.0,20250521
2025-05-22,601398.SH,7.01,7.02,6.96,6.98,7.0,-0.0199999999999995,-0.29,2940759.11,2095825.511,,,,,,,20250522.0,20250522
2025-05-23,601398.SH,6.98,7.01,6.93,6.94,6.98,-0.04,-0.57,3169188.22,2250187.441,,,,,,,20250523.0,20250523
2025-05-26,601398.SH,6.94,6.96,6.89,6.91,6.94,-0.0300000000000002,-0.43,2876449.99,2031163.197,,,,,,,20250526.0,20250526
2025-05-27,601398.SH,6.91,6.95,6.9,6.92,6.91,0.0099999999999997,0.14,1825202.33,1290694.507,,,,,,,20250527.0,20250527
2025-05-28,601398.SH,6.92,6.94,6.88,6.91,6.92,-0.0099999999999997,-0.14,1710175.46,1204153.102,,,,,,,20250528.0,20250528
2025-05-29,601398.SH,6.91,6.93,6.88,6.9,6.91,-0.0099999999999997,-0.14,1934698.56,1361048.215,,,,,,,20250529.0,20250529
2025-05-30,601398.SH,6.91,6.98,6.88,6.93,6.9,0.0299999999999993,0.43,3467599.35,2453474.445,,,,,,,20250530.0,20250530
2025-06-03,601398.SH,6.91,6.99,6.9,6.97,6.93,0.04,0.58,2728118.11,1935871.377,,,,,,,20250603.0,20250603
2025-06-04,601398.SH,6.97,6.98,6.92,6.94,6.97,-0.0299999999999993,-0.43,2118975.5,1501300.431,,,,,,,20250604.0,20250604
2025-06-05,601398.SH,6.94,6.98,6.93,6.95,6.94,0.0099999999999997,0.14,2255742.17,1598752.218,,,,,,,20250605.0,20250605
2025-06-06,601398.SH,6.96,6.98,6.93,6.96,6.95,0.0099999999999997,0.14,1870299.62,1326482.212,,,,,,,20250606.0,20250606
2025-06-09,601398.SH,6.96,6.97,6.9,6.94,6.96,-0.0199999999999995,-0.29,2913684.55,2060159.019,,,,,,,20250609.0,20250609
2025-06-10,601398.SH,6.94,7.05,6.93,6.96,6.94,0.0199999999999995,0.29,4161322.02,2968939.276,,,,,,,20250610.0,20250610
2025-06-11,601398.SH,6.96,7.01,6.95,6.98,6.96,0.0200000000000004,0.29,2247733.72,1600489.311,,,,,,,20250611.0,20250611
2025-06-12,601398.SH,6.98,6.99,6.95,6.97,6.98,-0.0100000000000006,-0.14,2318336.35,1647893.541,,,,,,,20250612.0,20250612
2025-06-13,601398.SH,6.97,6.99,6.94,6.95,6.97,-0.0199999999999995,-0.29,2808948.07,1993391.253,,,,,,,20250613.0,20250613
2025-06-16,601398.SH,6.94,7.0,6.88,7.0,6.95,0.0499999999999998,0.72,2786039.77,1973414.702,,,,,,,20250616.0,20250616
2025-06-17,601398.SH,6.99,7.03,6.98,7.03,7.0,0.0300000000000002,0.43,2279382.64,1631206.054,,,,,,,20250617.0,20250617
2025-06-18,601398.SH,7.03,7.11,7.02,7.11,7.03,0.08,1.14,3321322.52,2399282.24,,,,,,,20250618.0,20250618
2025-06-19,601398.SH,7.1,7.15,7.06,7.15,7.11,0.04,0.56,2841779.66,2063441.901,,,,,,,20250619.0,20250619
2025-06-20,601398.SH,7.14,7.23,7.13,7.22,7.15,0.0699999999999994,0.98,3106927.74,2278784.786,,,,,,,20250620.0,20250620
2025-06-23,601398.SH,7.21,7.41,7.18,7.37,7.22,0.1500000000000003,2.08,3897378.15,2904803.935,,,,,,,20250623.0,20250623
2025-06-24,601398.SH,7.36,7.49,7.35,7.48,7.37,0.1100000000000003,1.49,3560199.0,2697370.67,,,,,,,20250624.0,20250624
2025-06-25,601398.SH,7.46,7.56,7.37,7.52,7.48,0.0399999999999991,0.53,3495451.55,2670562.941,,,,,,,20250625.0,20250625
2025-06-26,601398.SH,7.51,7.6,7.47,7.57,7.52,0.0500000000000007,0.66,2931890.14,2256598.292,,,,,,,20250626.0,20250626
2025-06-27,601398.SH,7.57,7.6,7.33,7.35,7.57,-0.2200000000000006,-2.91,4820511.41,3654638.053,,,,,,,20250627.0,20250627
2025-06-30,601398.SH,7.33,7.46,7.27,7.44,7.35,0.0900000000000007,1.22,3061472.45,2307954.197,,,,,,,20250630.0,20250630
2025-07-01,601398.SH,7.44,7.59,7.43,7.51,7.44,0.0699999999999994,0.94,2683319.21,2061516.556,,,,,,,20250701.0,20250701
2025-07-02,601398.SH,7.53,7.56,7.5,7.53,7.51,0.0200000000000004,0.27,2068290.92,1588904.79,,,,,,,20250702.0,20250702
2025-07-03,601398.SH,7.53,7.57,7.45,7.49,7.53,-0.04,-0.53,2256541.26,1727134.627,,,,,,,20250703.0,20250703
2025-07-04,601398.SH,7.49,7.62,7.48,7.6,7.49,0.1099999999999994,1.47,2890571.41,2231478.827,,,,,,,20250704.0,20250704
2025-07-07,601398.SH,7.59,7.61,7.55,7.58,7.6,-0.0199999999999995,-0.26,1948834.25,1507334.339,,,,,,,20250707.0,20250707
2025-07-08,601398.SH,7.58,7.62,7.55,7.6,7.58,0.0199999999999995,0.26,1983420.24,1536668.535,,,,,,,20250708.0,20250708
2025-07-09,601398.SH,7.6,7.77,7.6,7.69,7.6,0.0900000000000007,1.18,2898275.66,2281970.067,,,,,,,20250709.0,20250709
2025-07-10,601398.SH,7.71,7.97,7.71,7.92,7.69,0.2299999999999995,2.99,5870466.49,4723382.454,,,,,,,20250710.0,20250710
2025-07-11,601398.SH,7.96,8.19,7.85,7.85,7.92,-0.0700000000000002,-0.88,8885955.67,7287115.483,,,,,,,20250711.0,20250711
2025-07-14,601398.SH,7.9,7.98,7.84,7.84,7.85,-0.0099999999999997,-0.13,4706935.07,3718881.121,,,,,,,20250714.0,20250714
2025-07-15,601398.SH,7.86,7.88,7.76,7.8,7.84,-0.04,-0.51,3186881.1,2491230.676,,,,,,,20250715.0,20250715
2025-07-16,601398.SH,7.77,7.8,7.7,7.8,7.8,0.0,0.0,3524987.73,2727111.481,,,,,,,20250716.0,20250716
2025-07-17,601398.SH,7.79,7.81,7.72,7.75,7.8,-0.0499999999999998,-0.64,2793216.72,2165167.688,,,,,,,20250717.0,20250717
2025-07-18,601398.SH,7.74,7.82,7.7,7.77,7.75,0.0199999999999995,0.26,2727850.06,2118707.043,,,,,,,20250718.0,20250718
2025-07-21,601398.SH,7.76,7.77,7.67,7.7,7.77,-0.0699999999999994,-0.9,3135465.93,2416554.043,,,,,,,20250721.0,20250721
2025-07-22,601398.SH,7.67,7.68,7.56,7.6,7.7,-0.1000000000000005,-1.3,4778345.17,3631140.814,,,,,,,20250722.0,20250722
2025-07-23,601398.SH,7.59,7.73,7.56,7.65,7.6,0.0500000000000007,0.66,4891056.37,3743744.906,,,,,,,20250723.0,20250723
2025-07-24,601398.SH,7.65,7.67,7.53,7.55,7.65,-0.1000000000000005,-1.31,4623948.3,3497603.345,,,,,,,20250724.0,20250724
2025-07-25,601398.SH,7.53,7.58,7.48,7.49,7.55,-0.0599999999999996,-0.79,3308917.47,2491086.129,,,,,,,20250725.0,20250725
2025-07-28,601398.SH,7.49,7.54,7.46,7.49,7.49,0.0,0.0,2734226.83,2051369.273,,,,,,,20250728.0,20250728
2025-07-29,601398.SH,7.49,7.52,7.43,7.43,7.49,-0.0600000000000005,-0.8,2922719.28,2182949.359,,,,,,,20250729.0,20250729
2025-07-30,601398.SH,7.43,7.55,7.4,7.49,7.43,0.0600000000000005,0.81,3907271.11,2927215.141,,,,,,,20250730.0,20250730
2025-07-31,601398.SH,7.49,7.59,7.42,7.56,7.49,0.0699999999999994,0.93,4809696.17,3614613.287,,,,,,,20250731.0,20250731
2025-08-01,601398.SH,7.56,7.67,7.48,7.62,7.56,0.0600000000000005,0.79,5145899.6,3907516.134,,,,,,,20250801.0,20250801
2025-08-04,601398.SH,7.63,7.78,7.62,7.68,7.62,0.0599999999999996,0.79,4482750.76,3454575.647,,,,,,,20250804.0,20250804
2025-08-05,601398.SH,7.68,7.76,7.63,7.76,7.68,0.08,1.04,3403182.1,2621498.587,,,,,,,20250805.0,20250805
2025-08-06,601398.SH,7.75,7.8,7.71,7.76,7.76,0.0,0.0,2967782.13,2301147.116,,,,,,,20250806.0,20250806
2025-08-07,601398.SH,7.75,7.87,7.7,7.84,7.76,0.08,1.03,3789820.97,2960611.114,,,,,,,20250807.0,20250807
2025-08-08,601398.SH,7.84,7.9,7.77,7.79,7.84,-0.0499999999999998,-0.64,2739257.73,2144008.142,,,,,,,20250808.0,20250808
2025-08-11,601398.SH,7.78,7.8,7.68,7.7,7.79,-0.0899999999999998,-1.16,3368392.16,2599658.65,,,,,,,20250811.0,20250811
2025-08-12,601398.SH,7.69,7.81,7.67,7.78,7.7,0.08,1.04,3183980.82,2474883.1,,,,,,,20250812.0,20250812
2025-08-13,601398.SH,7.77,7.82,7.7,7.7,7.78,-0.08,-1.03,3360196.75,2601354.456,,,,,,,20250813.0,20250813
2025-08-14,601398.SH,7.7,7.76,7.67,7.69,7.7,-0.0099999999999997,-0.13,2834872.82,2187318.596,,,,,,,20250814.0,20250814
2025-08-15,601398.SH,7.7,7.72,7.48,7.55,7.69,-0.1400000000000005,-1.82,6480057.87,4882339.779,,,,,,,20250815.0,20250815
2025-08-18,601398.SH,7.51,7.54,7.46,7.53,7.55,-0.0199999999999995,-0.26,4072372.49,3054805.757,,,,,,,20250818.0,20250818
2025-08-19,601398.SH,7.53,7.6,7.51,7.57,7.53,0.04,0.53,3385247.03,2560802.995,,,,,,,20250819.0,20250819
2025-08-20,601398.SH,7.58,7.62,7.56,7.57,7.57,0.0,0.0,3315205.86,2515293.334,,,,,,,20250820.0,20250820
2025-08-21,601398.SH,7.57,7.62,7.51,7.6,7.57,0.0299999999999993,0.4,3443027.53,2609843.96,,,,,,,20250821.0,20250821
2025-08-22,601398.SH,7.6,7.63,7.53,7.63,7.6,0.0300000000000002,0.39,3837727.89,2908481.745,,,,,,,20250822.0,20250822
2025-08-25,601398.SH,7.6,7.61,7.55,7.59,7.63,-0.04,-0.52,4131598.05,3129154.376,,,,,,,20250825.0,20250825
2025-08-26,601398.SH,7.58,7.62,7.54,7.55,7.59,-0.04,-0.53,2998328.27,2268338.336,,,,,,,20250826.0,20250826
2025-08-27,601398.SH,7.54,7.54,7.41,7.41,7.55,-0.1399999999999996,-1.85,5157247.51,3852879.694,,,,,,,20250827.0,20250827
2025-08-28,601398.SH,7.41,7.44,7.32,7.38,7.41,-0.0300000000000002,-0.4,4654688.87,3436054.969,,,,,,,20250828.0,20250828
2025-08-29,601398.SH,7.38,7.53,7.38,7.43,7.38,0.0499999999999998,0.68,5196151.0,3876595.173,,,,,,,20250829.0,20250829
2025-09-01,601398.SH,7.43,7.45,7.36,7.38,7.43,-0.0499999999999998,-0.67,3845435.84,2842147.961,,,,,,,20250901.0,20250901
2025-09-02,601398.SH,7.37,7.57,7.35,7.57,7.38,0.1900000000000004,2.57,7690652.13,5756720.401,,,,,,,20250902.0,20250902
2025-09-03,601398.SH,7.57,7.58,7.42,7.44,7.57,-0.1299999999999999,-1.72,4919771.33,3687104.656,,,,,,,20250903.0,20250903
2025-09-04,601398.SH,7.4,7.6,7.26,7.54,7.44,0.0999999999999996,1.34,8760059.36,6522723.401,,,,,,,20250904.0,20250904
2025-09-05,601398.SH,7.52,7.54,7.4,7.44,7.54,-0.0999999999999996,-1.33,4417093.09,3294733.88,,,,,,,20250905.0,20250905
2025-09-08,601398.SH,7.41,7.44,7.37,7.4,7.44,-0.04,-0.54,3542760.19,2623331.823,,,,,,,20250908.0,20250908
2025-09-09,601398.SH,7.39,7.46,7.38,7.43,7.4,0.0299999999999993,0.41,2662793.92,1977586.299,,,,,,,20250909.0,20250909
2025-09-10,601398.SH,7.44,7.48,7.38,7.47,7.43,0.04,0.54,2886560.44,2148056.693,,,,,,,20250910.0,20250910
2025-09-11,601398.SH,7.46,7.58,7.39,7.51,7.47,0.04,0.54,5415158.55,4047763.814,,,,,,,20250911.0,20250911
2025-09-12,601398.SH,7.49,7.54,7.45,7.48,7.51,-0.0299999999999993,-0.4,2992824.63,2242324.705,,,,,,,20250912.0,20250912
2025-09-15,601398.SH,7.45,7.51,7.4,7.43,7.48,-0.0500000000000007,-0.67,3295819.21,2450259.696,,,,,,,20250915.0,20250915
2025-09-16,601398.SH,7.41,7.49,7.41,7.45,7.43,0.0200000000000004,0.27,2893476.14,2156214.466,,,,,,,20250916.0,20250916
2025-09-17,601398.SH,7.42,7.46,7.4,7.46,7.45,0.0099999999999997,0.13,2475841.86,1840577.293,,,,,,,20250917.0,20250917
2025-09-18,601398.SH,7.45,7.46,7.28,7.29,7.46,-0.1699999999999999,-2.28,5297807.17,3898308.494,,,,,,,20250918.0,20250918
2025-09-19,601398.SH,7.28,7.28,7.12,7.2,7.29,-0.0899999999999998,-1.23,4807097.54,3461205.358,,,,,,,20250919.0,20250919
2025-09-22,601398.SH,7.2,7.25,7.15,7.18,7.2,-0.0200000000000004,-0.28,2750891.2,1981415.047,,,,,,,20250922.0,20250922
2025-09-23,601398.SH,7.16,7.41,7.13,7.4,7.18,0.2200000000000006,3.06,6288256.04,4616426.036,,,,,,,20250923.0,20250923
2025-09-24,601398.SH,7.39,7.53,7.37,7.47,7.4,0.0699999999999994,0.95,5142069.19,3831987.701,,,,,,,20250924.0,20250924
2025-09-25,601398.SH,7.44,7.46,7.31,7.38,7.47,-0.0899999999999998,-1.2,3237228.4,2381142.34,,,,,,,20250925.0,20250925
2025-09-26,601398.SH,7.35,7.43,7.3,7.41,7.38,0.0300000000000002,0.41,2733592.98,2015436.918,,,,,,,20250926.0,20250926
2025-09-29,601398.SH,7.38,7.4,7.26,7.33,7.41,-0.08,-1.08,4050039.33,2967071.849,,,,,,,20250929.0,20250929
2025-09-30,601398.SH,7.31,7.33,7.26,7.3,7.33,-0.0300000000000002,-0.41,2445676.27,1784123.669,,,,,,,20250930.0,20250930
2025-10-09,601398.SH,7.25,7.32,7.2,7.31,7.3,0.0099999999999997,0.14,2977410.76,2160546.979,,,,,,,20251009.0,20251009
2025-10-10,601398.SH,7.29,7.36,7.28,7.31,7.31,0.0,0.0,3048696.89,2232583.779,,,,,,,20251010.0,20251010
2025-10-13,601398.SH,7.32,7.36,7.23,7.27,7.31,-0.04,-0.55,3957386.05,2882595.178,,,,,,,20251013.0,20251013
2025-10-14,601398.SH,7.26,7.5,7.22,7.5,7.27,0.2300000000000004,3.16,6938781.4,5134528.488,,,,,,,20251014.0,20251014
2025-10-15,601398.SH,7.47,7.54,7.42,7.46,7.5,-0.04,-0.53,4075993.19,3046378.594,,,,,,,20251015.0,20251015
2025-10-16,601398.SH,7.43,7.65,7.43,7.63,7.46,0.1699999999999999,2.28,4956233.45,3749953.456,,,,,,,20251016.0,20251016
2025-10-17,601398.SH,7.63,7.72,7.57,7.62,7.63,-0.0099999999999997,-0.13,4087002.46,3125404.222,,,,,,,20251017.0,20251017
2025-10-20,601398.SH,7.59,7.65,7.47,7.61,7.62,-0.0099999999999997,-0.13,3919785.93,2960246.448,,,,,,,20251020.0,20251020
2025-10-21,601398.SH,7.58,7.65,7.54,7.64,7.61,0.0299999999999993,0.39,3441139.24,2616075.703,,,,,,,20251021.0,20251021
2025-10-22,601398.SH,7.63,7.79,7.62,7.76,7.64,0.1200000000000001,1.57,3815865.56,2942641.849,,,,,,,20251022.0,20251022
2025-10-23,601398.SH,7.76,7.89,7.71,7.84,7.76,0.08,1.03,4326614.32,3378223.696,,,,,,,20251023.0,20251023
2025-10-24,601398.SH,7.8,7.89,7.76,7.84,7.84,0.0,0.0,3263623.33,2556166.917,,,,,,,20251024.0,20251024
2025-10-27,601398.SH,7.8,7.94,7.74,7.91,7.84,0.0700000000000002,0.89,3919946.77,3079616.6,,,,,,,20251027.0,20251027
2025-10-28,601398.SH,7.9,8.02,7.85,7.99,7.91,0.08,1.01,3320408.17,2640150.337,,,,,,,20251028.0,20251028
2025-10-29,601398.SH,7.98,7.99,7.8,7.83,7.99,-0.1600000000000001,-2.0,3683044.39,2902412.947,,,,,,,20251029.0,20251029
2025-10-30,601398.SH,7.83,7.9,7.78,7.84,7.83,0.0099999999999997,0.13,2787161.26,2186887.58,,,,,,,20251030.0,20251030
2025-10-31,601398.SH,7.87,7.87,7.67,7.78,7.84,-0.0599999999999996,-0.77,3693253.24,2861703.074,,,,,,,20251031.0,20251031
2025-11-03,601398.SH,7.79,7.94,7.78,7.9,7.78,0.1200000000000001,1.54,3420734.24,2696886.643,,,,,,,20251103.0,20251103
2025-11-04,601398.SH,7.89,8.14,7.89,8.13,7.9,0.2300000000000004,2.91,4410976.05,3556070.089,,,,,,,20251104.0,20251104
2025-11-05,601398.SH,8.17,8.21,8.09,8.14,8.13,0.0099999999999997,0.12,3941536.3,3216874.938,,,,,,,20251105.0,20251105
2025-11-06,601398.SH,8.12,8.15,8.06,8.09,8.14,-0.0500000000000007,-0.61,3009758.0,2437052.281,,,,,,,20251106.0,20251106
2025-11-07,601398.SH,8.09,8.16,8.02,8.05,8.09,-0.0399999999999991,-0.49,2801613.58,2259074.574,,,,,,,20251107.0,20251107
2025-11-10,601398.SH,8.02,8.13,7.98,8.12,8.05,0.0699999999999985,0.87,2232913.15,1801106.446,,,,,,,20251110.0,20251110
2025-11-11,601398.SH,8.1,8.17,8.07,8.16,8.12,0.0400000000000009,0.49,1917401.04,1558044.146,,,,,,,20251111.0,20251111
2025-11-12,601398.SH,8.16,8.32,8.15,8.19,8.16,0.0299999999999993,0.37,3592897.95,2963066.407,,,,,,,20251112.0,20251112
2025-11-13,601398.SH,8.21,8.24,8.08,8.21,8.19,0.0200000000000013,0.24,2901379.15,2369679.711,,,,,,,20251113.0,20251113
2025-11-14,601398.SH,8.23,8.38,8.22,8.25,8.21,0.0399999999999991,0.49,3063351.29,2542717.457,,,,,,,20251114.0,20251114
2025-11-17,601398.SH,8.25,8.26,8.11,8.17,8.25,-0.08,-0.97,2582768.1,2109115.127,,,,,,,20251117.0,20251117
2025-11-18,601398.SH,8.14,8.25,8.11,8.2,8.17,0.0299999999999993,0.37,2175959.65,1780723.631,,,,,,,20251118.0,20251118
2025-11-19,601398.SH,8.2,8.32,8.17,8.23,8.2,0.0300000000000011,0.37,2344283.13,1935987.517,,,,,,,20251119.0,20251119
2025-11-20,601398.SH,8.21,8.4,8.18,8.27,8.23,0.0399999999999991,0.49,3594877.46,2984350.151,,,,,,,20251120.0,20251120
2025-11-21,601398.SH,8.28,8.38,8.22,8.25,8.27,-0.0199999999999995,-0.24,4644446.66,3850244.346,,,,,,,20251121.0,20251121
2025-11-24,601398.SH,8.2,8.26,8.12,8.2,8.25,-0.0500000000000007,-0.61,3489190.16,2859936.7,,,,,,,20251124.0,20251124
2025-11-25,601398.SH,8.18,8.32,8.13,8.31,8.2,0.1100000000000012,1.34,3055429.94,2518475.879,,,,,,,20251125.0,20251125
2025-11-26,601398.SH,8.31,8.38,8.15,8.16,8.31,-0.1500000000000003,-1.81,3310419.56,2718206.391,,,,,,,20251126.0,20251126
2025-11-27,601398.SH,8.15,8.19,8.06,8.16,8.16,0.0,0.0,2344122.23,1906028.13,,,,,,,20251127.0,20251127
2025-11-28,601398.SH,8.15,8.17,8.08,8.11,8.16,-0.0500000000000007,-0.61,2084015.67,1692569.484,,,,,,,20251128.0,20251128
2025-12-01,601398.SH,8.05,8.11,8.02,8.09,8.11,-0.0199999999999995,-0.25,2652608.63,2138449.352,,,,,,,20251201.0,20251201
2025-12-02,601398.SH,8.09,8.12,8.02,8.09,8.09,0.0,0.0,2145189.91,1731677.085,,,,,,,20251202.0,20251202
2025-12-03,601398.SH,8.06,8.15,8.03,8.05,8.09,-0.0399999999999991,-0.49,2212584.9,1789483.343,,,,,,,20251203.0,20251203
2025-12-04,601398.SH,8.07,8.09,8.02,8.05,8.05,0.0,0.0,1491011.62,1200193.245,,,,,,,20251204.0,20251204
2025-12-05,601398.SH,8.04,8.1,7.95,7.99,8.05,-0.0600000000000005,-0.75,2461472.54,1971460.421,,,,,,,20251205.0,20251205
