date,ts_code,open,high,low,close,pre_close,change,p_change,volume,amount,date
2023-12-11,600000.SH,6.22,6.29,6.11,6.29,6.24,0.04999999999999982,0.8,336164.09,222209.869,20231211
2023-12-12,600000.SH,6.25,6.3,6.22,6.28,6.29,-0.009999999999999787,-0.16,170035.82,113954.198,20231212
2023-12-13,600000.SH,6.27,6.32,6.24,6.28,6.28,0.0,0.0,286833.94,192579.846,20231213
2023-12-14,600000.SH,6.27,6.29,6.21,6.22,6.28,-0.0600000000000005,-0.96,198631.07,132441.281,20231214
2023-12-15,600000.SH,6.24,6.27,6.15,6.15,6.22,-0.0699999999999994,-1.13,337029.85,223425.092,20231215
2023-12-18,600000.SH,6.15,6.19,6.09,6.16,6.15,0.009999999999999787,0.16,275237.62,180979.297,20231218
2023-12-19,600000.SH,6.16,6.17,6.11,6.14,6.16,-0.020000000000000462,-0.32,189885.12,124564.888,20231219
2023-12-20,600000.SH,6.16,6.2,6.11,6.11,6.14,-0.02999999999999936,-0.49,193698.74,127359.291,20231220
2023-12-21,600000.SH,6.1,6.17,6.08,6.15,6.11,0.040000000000000036,0.65,281409.27,184156.56,20231221
2023-12-22,600000.SH,6.15,6.19,6.11,6.16,6.15,0.009999999999999787,0.16,235892.82,155129.803,20231222
2023-12-25,600000.SH,6.14,6.19,6.13,6.16,6.16,0.0,0.0,129043.49,84908.528,20231225
2023-12-26,600000.SH,6.15,6.18,6.12,6.14,6.16,-0.020000000000000462,-0.32,119345.42,78321.376,20231226
2023-12-27,600000.SH,6.14,6.19,6.09,6.18,6.14,0.040000000000000036,0.65,184227.04,120867.594,20231227
2023-12-28,600000.SH,6.18,6.26,6.17,6.25,6.18,0.07000000000000028,1.13,348027.33,231691.608,20231228
2023-12-29,600000.SH,6.24,6.27,6.19,6.2,6.25,-0.04999999999999982,-0.8,338014.29,224306.297,20231229
2024-01-02,600000.SH,6.21,6.23,6.18,6.18,6.2,-0.020000000000000462,-0.32,220667.0,146066.304,20240102
2024-01-03,600000.SH,6.17,6.23,6.17,6.22,6.18,0.040000000000000036,0.65,182036.54,120639.706,20240103
2024-01-04,600000.SH,6.22,6.24,6.13,6.2,6.22,-0.019999999999999574,-0.32,288859.78,190580.61,20240104
2024-01-05,600000.SH,6.18,6.33,6.17,6.25,6.2,0.04999999999999982,0.81,444213.87,296976.886,20240105
2024-01-08,600000.SH,6.25,6.28,6.14,6.17,6.25,-0.08000000000000007,-1.28,375203.37,247977.825,20240108
2024-01-09,600000.SH,6.18,6.22,6.12,6.19,6.17,0.020000000000000462,0.32,307418.97,202647.646,20240109
2024-01-10,600000.SH,6.19,6.21,6.15,6.15,6.19,-0.040000000000000036,-0.65,222409.46,146695.926,20240110
2024-01-11,600000.SH,6.14,6.17,6.1,6.11,6.15,-0.040000000000000036,-0.65,359147.08,235312.058,20240111
2024-01-12,600000.SH,6.1,6.14,6.09,6.09,6.11,-0.020000000000000462,-0.33,346240.53,225743.841,20240112
2024-01-15,600000.SH,6.09,6.12,6.06,6.09,6.09,0.0,0.0,286941.55,186476.698,20240115
2024-01-16,600000.SH,6.08,6.18,6.08,6.17,6.09,0.08000000000000007,1.31,531864.96,348808.283,20240116
2024-01-17,600000.SH,6.16,6.2,6.1,6.11,6.17,-0.05999999999999961,-0.97,482498.69,316982.892,20240117
2024-01-18,600000.SH,6.11,6.16,5.95,6.14,6.11,0.02999999999999936,0.49,739944.22,477803.91,20240118
2024-01-19,600000.SH,6.1,6.2,6.06,6.17,6.14,0.03000000000000025,0.49,576400.79,378165.075,20240119
2024-01-22,600000.SH,6.16,6.24,6.11,6.17,6.17,0.0,0.0,671734.8,445086.465,20240122
2024-01-23,600000.SH,6.16,6.23,6.09,6.2,6.17,0.03000000000000025,0.49,332985.31,218923.249,20240123
2024-01-24,600000.SH,6.22,6.3,6.18,6.28,6.2,0.08000000000000007,1.29,537464.98,358343.157,20240124
2024-01-25,600000.SH,6.3,6.37,6.27,6.34,6.28,0.05999999999999961,0.96,502568.71,339203.853,20240125
2024-01-26,600000.SH,6.35,6.47,6.32,6.43,6.34,0.08999999999999986,1.42,709979.33,485347.721,20240126
2024-01-29,600000.SH,6.42,6.53,6.41,6.46,6.43,0.03000000000000025,0.47,552699.21,381908.899,20240129
2024-01-30,600000.SH,6.46,6.51,6.38,6.39,6.46,-0.07000000000000028,-1.08,407370.46,280193.766,20240130
2024-01-31,600000.SH,6.38,6.44,6.31,6.39,6.39,0.0,0.0,456619.99,311141.441,20240131
2024-02-01,600000.SH,6.39,6.44,6.35,6.37,6.39,-0.019999999999999574,-0.31,442524.21,302115.56,20240201
2024-02-02,600000.SH,6.38,6.48,6.29,6.4,6.37,0.03000000000000025,0.47,594829.13,407459.71,20240202
2024-02-05,600000.SH,6.4,6.48,6.33,6.45,6.4,0.04999999999999982,0.78,827136.95,566786.78,20240205
2024-02-06,600000.SH,6.45,6.55,6.42,6.55,6.45,0.09999999999999964,1.55,716832.18,498307.471,20240206
2024-02-07,600000.SH,6.57,6.58,6.41,6.5,6.55,-0.04999999999999982,-0.76,837312.96,580014.441,20240207
2024-02-08,600000.SH,6.51,6.53,6.38,6.52,6.5,0.019999999999999574,0.31,671647.44,463209.888,20240208
2024-02-19,600000.SH,6.53,6.68,6.51,6.67,6.52,0.15000000000000036,2.3,578697.88,407648.425,20240219
2024-02-20,600000.SH,6.68,6.69,6.61,6.65,6.67,-0.019999999999999574,-0.3,324089.54,230505.757,20240220
2024-02-21,600000.SH,6.66,6.85,6.64,6.78,6.65,0.1299999999999999,1.95,588095.54,426038.72,20240221
2024-02-22,600000.SH,6.78,6.81,6.72,6.75,6.78,-0.03000000000000025,-0.44,336652.09,242967.428,20240222
2024-02-23,600000.SH,6.75,6.86,6.74,6.82,6.75,0.07000000000000028,1.04,379396.0,276331.224,20240223
2024-02-26,600000.SH,6.8,6.82,6.64,6.65,6.82,-0.16999999999999993,-2.49,424830.7,304097.864,20240226
2024-02-27,600000.SH,6.62,6.69,6.61,6.68,6.65,0.02999999999999936,0.45,248622.46,176742.732,20240227
2024-02-28,600000.SH,6.67,6.7,6.63,6.65,6.68,-0.02999999999999936,-0.45,358267.14,255229.186,20240228
2024-02-29,600000.SH,6.66,6.71,6.64,6.69,6.65,0.040000000000000036,0.6,342882.17,244498.953,20240229
2024-03-01,600000.SH,6.68,6.7,6.65,6.66,6.69,-0.03000000000000025,-0.45,294318.01,209474.048,20240301
2024-03-04,600000.SH,6.67,6.67,6.6,6.62,6.66,-0.040000000000000036,-0.6,278559.63,197157.05,20240304
2024-03-05,600000.SH,6.6,6.72,6.59,6.7,6.62,0.08000000000000007,1.21,417562.32,297676.104,20240305
2024-03-06,600000.SH,6.71,6.76,6.67,6.67,6.7,-0.03000000000000025,-0.45,259187.49,185847.81,20240306
2024-03-07,600000.SH,6.67,6.74,6.66,6.68,6.67,0.009999999999999787,0.15,246903.48,176664.369,20240307
2024-03-08,600000.SH,6.67,6.71,6.66,6.67,6.68,-0.009999999999999787,-0.15,198617.94,141724.066,20240308
2024-03-11,600000.SH,6.68,6.71,6.61,6.66,6.67,-0.009999999999999787,-0.15,261954.98,185957.986,20240311
2024-03-12,600000.SH,6.66,6.69,6.63,6.65,6.66,-0.009999999999999787,-0.15,290304.76,206425.806,20240312
2024-03-13,600000.SH,6.67,6.67,6.58,6.59,6.65,-0.0600000000000005,-0.9,259484.61,183084.895,20240313
2024-03-14,600000.SH,6.59,6.64,6.58,6.59,6.59,0.0,0.0,187035.56,131973.016,20240314
2024-03-15,600000.SH,6.59,6.64,6.58,6.64,6.59,0.04999999999999982,0.76,295995.44,208970.012,20240315
2024-03-18,600000.SH,6.61,6.68,6.61,6.64,6.64,0.0,0.0,265584.72,188382.26,20240318
2024-03-19,600000.SH,6.63,6.63,6.56,6.56,6.64,-0.08000000000000007,-1.2,228487.15,160809.198,20240319
2024-03-20,600000.SH,6.56,6.61,6.53,6.58,6.56,0.020000000000000462,0.3,195429.93,137292.232,20240320
2024-03-21,600000.SH,6.61,6.68,6.58,6.65,6.58,0.07000000000000028,1.06,419248.7,297257.99,20240321
2024-03-22,600000.SH,6.63,6.67,6.52,6.59,6.65,-0.0600000000000005,-0.9,359604.53,252638.802,20240322
2024-03-25,600000.SH,6.61,6.64,6.56,6.61,6.59,0.020000000000000462,0.3,244395.36,172644.827,20240325
2024-03-26,600000.SH,6.64,6.69,6.62,6.69,6.61,0.08000000000000007,1.21,351115.22,250044.91,20240326
2024-03-27,600000.SH,6.68,6.77,6.66,6.71,6.69,0.019999999999999574,0.3,419430.66,301380.7,20240327
2024-03-28,600000.SH,6.73,6.74,6.66,6.71,6.71,0.0,0.0,345359.66,246970.623,20240328
2024-03-29,600000.SH,6.68,6.73,6.66,6.68,6.71,-0.03000000000000025,-0.45,181388.85,129562.451,20240329
2024-04-01,600000.SH,6.69,6.78,6.68,6.77,6.68,0.08999999999999986,1.35,360288.32,259657.244,20240401
2024-04-02,600000.SH,6.78,6.84,6.76,6.81,6.77,0.040000000000000036,0.59,350951.7,255236.21,20240402
2024-04-03,600000.SH,6.77,6.82,6.73,6.77,6.81,-0.040000000000000036,-0.59,252541.07,182860.244,20240403
2024-04-08,600000.SH,6.77,6.85,6.73,6.82,6.77,0.05000000000000071,0.74,327644.93,238582.732,20240408
2024-04-09,600000.SH,6.82,6.85,6.79,6.8,6.82,-0.020000000000000462,-0.29,203355.43,147972.234,20240409
2024-04-10,600000.SH,6.8,6.86,6.77,6.81,6.8,0.009999999999999787,0.15,224367.26,163551.937,20240410
2024-04-11,600000.SH,6.77,6.82,6.73,6.78,6.81,-0.02999999999999936,-0.44,253642.41,183441.392,20240411
2024-04-12,600000.SH,6.74,6.8,6.67,6.68,6.78,-0.10000000000000053,-1.47,328097.31,235493.71,20240412
2024-04-15,600000.SH,6.67,6.83,6.67,6.83,6.68,0.15000000000000036,2.25,483103.04,350007.626,20240415
2024-04-16,600000.SH,6.79,6.85,6.75,6.8,6.83,-0.03000000000000025,-0.44,402033.25,292494.126,20240416
2024-04-17,600000.SH,6.8,6.88,6.72,6.87,6.8,0.07000000000000028,1.03,431518.57,314102.077,20240417
2024-04-18,600000.SH,6.87,6.98,6.84,6.86,6.87,-0.009999999999999787,-0.15,468224.76,345482.146,20240418
2024-04-19,600000.SH,6.85,6.93,6.8,6.87,6.86,0.009999999999999787,0.15,380041.6,278975.86,20240419
2024-04-22,600000.SH,6.89,6.96,6.82,6.82,6.87,-0.04999999999999982,-0.73,326946.9,240124.244,20240422
2024-04-23,600000.SH,6.85,6.93,6.79,6.87,6.82,0.04999999999999982,0.73,440556.44,323208.6,20240423
2024-04-24,600000.SH,6.91,6.93,6.83,6.89,6.87,0.019999999999999574,0.29,247588.59,181997.245,20240424
2024-04-25,600000.SH,6.86,6.95,6.84,6.94,6.89,0.05000000000000071,0.73,246769.34,182019.255,20240425
2024-04-26,600000.SH,6.94,7.0,6.88,6.95,6.94,0.009999999999999787,0.14,458465.71,339924.206,20240426
2024-04-29,600000.SH,6.92,7.04,6.83,6.95,6.95,0.0,0.0,393177.57,292685.761,20240429
2024-04-30,600000.SH,7.1,7.34,7.08,7.21,6.95,0.2599999999999998,3.74,1054727.88,813284.484,20240430
2024-05-06,600000.SH,7.32,7.39,7.26,7.35,7.21,0.13999999999999968,1.94,859373.25,673787.209,20240506
2024-05-07,600000.SH,7.35,7.36,7.23,7.32,7.35,-0.02999999999999936,-0.41,462695.05,360376.178,20240507
2024-05-08,600000.SH,7.31,7.35,7.28,7.3,7.32,-0.020000000000000462,-0.27,303778.93,237540.8,20240508
2024-05-09,600000.SH,7.3,7.35,7.26,7.3,7.3,0.0,0.0,339420.9,264867.396,20240509
2024-05-10,600000.SH,7.31,7.44,7.3,7.43,7.3,0.1299999999999999,1.78,522116.12,412342.285,20240510
2024-05-13,600000.SH,7.42,7.47,7.37,7.45,7.43,0.020000000000000462,0.27,404221.2,320678.361,20240513
2024-05-14,600000.SH,7.46,7.47,7.36,7.38,7.45,-0.07000000000000028,-0.94,398436.41,314999.43,20240514
2024-05-15,600000.SH,7.4,7.42,7.34,7.39,7.38,0.009999999999999787,0.14,310391.03,244683.418,20240515
2024-05-16,600000.SH,7.41,7.54,7.38,7.51,7.39,0.1200000000000001,1.62,606587.07,485813.395,20240516
2024-05-17,600000.SH,7.53,7.64,7.49,7.64,7.51,0.1299999999999999,1.73,694380.51,561342.802,20240517
2024-05-20,600000.SH,7.68,7.82,7.63,7.79,7.64,0.15000000000000036,1.96,881449.91,731104.374,20240520
2024-05-21,600000.SH,7.78,7.88,7.73,7.88,7.79,0.08999999999999986,1.16,531462.95,445171.663,20240521
2024-05-22,600000.SH,7.87,8.07,7.85,7.99,7.88,0.11000000000000032,1.4,711732.13,605588.076,20240522
2024-05-23,600000.SH,7.98,8.05,7.94,7.98,7.99,-0.009999999999999787,-0.13,612122.93,522802.575,20240523
2024-05-24,600000.SH,7.97,8.04,7.87,7.9,7.98,-0.08000000000000007,-1.0,607406.01,516406.884,20240524
2024-05-27,600000.SH,7.91,8.01,7.89,8.0,7.9,0.09999999999999964,1.27,528586.89,449932.564,20240527
2024-05-28,600000.SH,8.03,8.09,7.97,8.0,8.0,0.0,0.0,400473.22,342904.48,20240528
2024-05-29,600000.SH,7.99,8.04,7.91,7.95,8.0,-0.04999999999999982,-0.62,408023.85,347290.25,20240529
2024-05-30,600000.SH,7.93,8.0,7.83,7.86,7.95,-0.08999999999999986,-1.13,567015.95,479146.211,20240530
2024-05-31,600000.SH,7.91,7.91,7.78,7.81,7.86,-0.05000000000000071,-0.64,537973.04,449689.002,20240531
2024-06-03,600000.SH,7.77,7.8,7.67,7.75,7.81,-0.05999999999999961,-0.77,602136.94,496075.056,20240603
2024-06-04,600000.SH,7.75,7.81,7.71,7.79,7.75,0.040000000000000036,0.52,398004.53,330354.916,20240604
2024-06-05,600000.SH,7.8,7.81,7.73,7.76,7.79,-0.03000000000000025,-0.39,312957.87,259659.811,20240605
2024-06-06,600000.SH,7.78,7.82,7.71,7.72,7.76,-0.040000000000000036,-0.52,341495.89,283171.544,20240606
2024-06-07,600000.SH,7.79,7.85,7.68,7.78,7.72,0.0600000000000005,0.78,414516.77,344132.159,20240607
2024-06-11,600000.SH,7.81,7.83,7.59,7.63,7.78,-0.15000000000000036,-1.93,411323.94,337102.415,20240611
2024-06-12,600000.SH,7.63,7.65,7.53,7.59,7.63,-0.040000000000000036,-0.52,386177.41,312851.351,20240612
2024-06-13,600000.SH,7.58,7.68,7.57,7.61,7.59,0.020000000000000462,0.26,404337.04,329399.974,20240613
2024-06-14,600000.SH,7.58,7.66,7.48,7.62,7.61,0.009999999999999787,0.13,444630.16,359834.402,20240614
2024-06-17,600000.SH,7.63,7.64,7.52,7.58,7.62,-0.040000000000000036,-0.52,362784.23,293415.748,20240617
2024-06-18,600000.SH,7.58,7.63,7.51,7.57,7.58,-0.009999999999999787,-0.13,328761.91,265920.571,20240618
2024-06-19,600000.SH,7.58,7.73,7.57,7.7,7.57,0.1299999999999999,1.72,406051.09,332732.412,20240619
2024-06-20,600000.SH,7.66,7.73,7.63,7.68,7.7,-0.020000000000000462,-0.26,256623.17,210632.866,20240620
2024-06-21,600000.SH,7.68,7.71,7.6,7.65,7.68,-0.02999999999999936,-0.39,400113.66,327124.974,20240621
2024-06-24,600000.SH,7.67,7.68,7.52,7.63,7.65,-0.020000000000000462,-0.26,370466.66,301011.768,20240624
2024-06-25,600000.SH,7.66,7.72,7.57,7.68,7.63,0.04999999999999982,0.66,398180.93,326580.576,20240625
2024-06-26,600000.SH,7.68,7.71,7.61,7.69,7.68,0.010000000000000675,0.13,335637.36,274593.635,20240626
2024-06-27,600000.SH,7.69,7.77,7.61,7.7,7.69,0.009999999999999787,0.13,445615.28,366021.816,20240627
2024-06-28,600000.SH,7.7,7.76,7.65,7.71,7.7,0.009999999999999787,0.13,377996.8,311360.174,20240628
2024-07-01,600000.SH,7.7,7.77,7.68,7.75,7.71,0.040000000000000036,0.52,287329.62,237294.502,20240701
2024-07-02,600000.SH,7.74,8.0,7.74,7.99,7.75,0.2400000000000002,3.1,573458.1,485897.424,20240702
2024-07-03,600000.SH,7.99,8.05,7.94,7.99,7.99,0.0,0.0,464096.68,396512.668,20240703
2024-07-04,600000.SH,8.04,8.08,7.94,7.96,7.99,-0.03000000000000025,-0.38,444120.66,379773.335,20240704
2024-07-05,600000.SH,8.0,8.0,7.76,7.81,7.96,-0.15000000000000036,-1.88,519970.18,436429.581,20240705
2024-07-08,600000.SH,7.81,7.95,7.73,7.89,7.81,0.08000000000000007,1.02,453207.96,381472.461,20240708
2024-07-09,600000.SH,7.93,8.11,7.87,8.09,7.89,0.20000000000000018,2.53,545341.87,466546.717,20240709
2024-07-10,600000.SH,8.09,8.16,8.05,8.14,8.09,0.05000000000000071,0.62,406045.6,352263.036,20240710
2024-07-11,600000.SH,8.15,8.17,8.01,8.05,8.14,-0.08999999999999986,-1.11,349461.81,301339.421,20240711
2024-07-12,600000.SH,8.08,8.29,8.06,8.28,8.05,0.22999999999999865,2.86,572676.92,503070.724,20240712
2024-07-15,600000.SH,8.27,8.34,8.24,8.31,8.28,0.030000000000001137,0.36,461914.87,409364.22,20240715
2024-07-16,600000.SH,8.3,8.38,8.26,8.29,8.31,-0.02000000000000135,-0.24,446803.22,397093.12,20240716
2024-07-17,600000.SH,8.33,8.49,8.29,8.46,8.29,0.1700000000000017,2.05,881192.89,794489.956,20240717
2024-07-18,600000.SH,8.49,8.52,8.36,8.51,8.46,0.049999999999998934,0.59,662095.04,575924.982,20240718
2024-07-19,600000.SH,8.53,8.53,8.37,8.47,8.51,-0.03999999999999915,-0.47,619413.34,539610.903,20240719
2024-07-22,600000.SH,8.45,8.47,8.27,8.33,8.47,-0.14000000000000057,-1.65,632289.17,543154.122,20240722
2024-07-23,600000.SH,8.37,8.43,8.34,8.34,8.33,0.009999999999999787,0.12,411815.12,356167.715,20240723
2024-07-24,600000.SH,8.36,8.42,8.29,8.3,8.34,-0.03999999999999915,-0.48,375517.29,322441.687,20240724
2024-07-25,600000.SH,8.33,8.33,8.08,8.27,8.3,-0.030000000000001137,-0.36,601560.87,508007.084,20240725
2024-07-26,600000.SH,8.23,8.27,8.0,8.08,8.27,-0.1899999999999995,-2.3,493589.78,411165.38,20240726
2024-07-29,600000.SH,8.08,8.32,8.06,8.28,8.08,0.1999999999999993,2.48,464638.48,395067.013,20240729
2024-07-30,600000.SH,8.29,8.29,8.11,8.14,8.28,-0.1399999999999988,-1.69,405842.73,341513.55,20240730
2024-07-31,600000.SH,8.2,8.21,8.1,8.15,8.14,0.009999999999999787,0.12,434296.41,365181.48,20240731
2024-08-01,600000.SH,8.15,8.36,8.09,8.32,8.15,0.16999999999999993,2.09,545601.5,464982.61,20240801
2024-08-02,600000.SH,8.31,8.35,8.15,8.22,8.32,-0.09999999999999964,-1.2,313615.31,266363.129,20240802
2024-08-05,600000.SH,8.22,8.27,8.1,8.13,8.22,-0.08999999999999986,-1.09,411788.38,346404.332,20240805
2024-08-06,600000.SH,8.18,8.2,7.95,8.0,8.13,-0.13000000000000078,-1.6,416040.73,344150.545,20240806
2024-08-07,600000.SH,7.99,8.12,7.98,8.07,8.0,0.07000000000000028,0.88,265422.23,220186.459,20240807
2024-08-08,600000.SH,8.11,8.2,8.05,8.13,8.07,0.0600000000000005,0.74,276690.55,231992.004,20240808
2024-08-09,600000.SH,8.16,8.35,8.16,8.28,8.13,0.14999999999999858,1.85,391201.01,334119.265,20240809
2024-08-12,600000.SH,8.26,8.38,8.24,8.33,8.28,0.05000000000000071,0.6,292499.59,250903.225,20240812
2024-08-13,600000.SH,8.31,8.41,8.29,8.34,8.33,0.009999999999999787,0.12,272115.5,234443.969,20240813
2024-08-14,600000.SH,8.38,8.4,8.29,8.32,8.34,-0.019999999999999574,-0.24,211456.86,181445.555,20240814
2024-08-15,600000.SH,8.26,8.49,8.26,8.48,8.32,0.16000000000000014,1.92,450662.16,392033.45,20240815
2024-08-16,600000.SH,8.48,8.6,8.44,8.59,8.48,0.10999999999999943,1.3,375669.33,331065.667,20240816
2024-08-19,600000.SH,8.6,8.76,8.58,8.75,8.59,0.16000000000000014,1.86,589379.89,528390.434,20240819
2024-08-20,600000.SH,8.74,8.8,8.62,8.65,8.75,-0.09999999999999964,-1.14,501888.19,449704.844,20240820
2024-08-21,600000.SH,8.65,8.77,8.56,8.7,8.65,0.049999999999998934,0.58,436280.79,390145.317,20240821
2024-08-22,600000.SH,8.7,8.8,8.67,8.74,8.7,0.040000000000000924,0.46,362642.6,327034.943,20240822
2024-08-23,600000.SH,8.74,8.77,8.64,8.74,8.74,0.0,0.0,316987.49,284739.205,20240823
2024-08-26,600000.SH,8.74,8.74,8.57,8.62,8.74,-0.120000000000001,-1.37,514446.28,457039.669,20240826
2024-08-27,600000.SH,8.61,8.68,8.56,8.62,8.62,0.0,0.0,306833.75,272898.056,20240827
2024-08-28,600000.SH,8.66,8.67,8.5,8.56,8.62,-0.05999999999999872,-0.7,325285.23,287017.718,20240828
2024-08-29,600000.SH,8.56,8.57,8.28,8.3,8.56,-0.2599999999999998,-3.04,509496.48,438959.414,20240829
2024-08-30,600000.SH,8.29,8.37,8.13,8.18,8.3,-0.120000000000001,-1.45,683544.43,579069.797,20240830
2024-09-02,600000.SH,8.12,8.25,8.1,8.14,8.18,-0.03999999999999915,-0.49,421785.96,355164.736,20240902
2024-09-03,600000.SH,8.13,8.18,7.96,8.01,8.14,-0.13000000000000078,-1.6,412571.57,340798.502,20240903
2024-09-04,600000.SH,8.05,8.12,7.99,8.08,8.01,0.07000000000000028,0.87,341871.9,284531.822,20240904
2024-09-05,600000.SH,8.13,8.16,7.99,8.08,8.08,0.0,0.0,361767.13,300240.961,20240905
2024-09-06,600000.SH,8.08,8.26,8.08,8.18,8.08,0.09999999999999964,1.24,322937.01,273118.542,20240906
2024-09-09,600000.SH,8.19,8.22,8.08,8.13,8.18,-0.049999999999998934,-0.61,342903.73,287989.234,20240909
2024-09-10,600000.SH,8.13,8.28,8.05,8.25,8.13,0.11999999999999922,1.48,396941.36,333986.132,20240910
2024-09-11,600000.SH,8.23,8.24,7.97,8.01,8.25,-0.2400000000000002,-2.91,293959.61,244556.166,20240911
2024-09-12,600000.SH,7.97,8.24,7.95,8.22,8.01,0.21000000000000085,2.62,431281.08,362723.423,20240912
2024-09-13,600000.SH,8.25,8.26,8.08,8.1,8.22,-0.120000000000001,-1.46,284111.41,238422.069,20240913
2024-09-18,600000.SH,8.1,8.2,8.02,8.08,8.1,-0.019999999999999574,-0.25,201394.28,167778.133,20240918
2024-09-19,600000.SH,8.12,8.28,8.06,8.27,8.08,0.1899999999999995,2.35,391638.24,330778.714,20240919
2024-09-20,600000.SH,8.24,8.32,8.18,8.26,8.27,-0.009999999999999787,-0.12,428723.3,364859.462,20240920
2024-09-23,600000.SH,8.28,8.4,8.21,8.38,8.26,0.120000000000001,1.45,300238.95,257517.875,20240923
2024-09-24,600000.SH,8.49,8.82,8.41,8.82,8.38,0.4399999999999995,5.25,892080.35,795774.265,20240924
2024-09-25,600000.SH,9.0,9.27,8.98,9.21,8.82,0.39000000000000057,4.42,1190635.22,1125665.675,20240925
2024-09-26,600000.SH,9.22,9.55,9.15,9.55,9.21,0.33999999999999986,3.69,898390.05,867160.021,20240926
2024-09-27,600000.SH,9.7,9.78,9.32,9.58,9.55,0.02999999999999936,0.31,570394.67,560481.161,20240927
2024-09-30,600000.SH,9.76,9.99,9.53,9.83,9.58,0.25,2.61,1883756.05,1892937.392,20240930
2024-10-08,600000.SH,10.56,10.7,9.9,10.19,9.83,0.35999999999999943,3.66,1921331.02,2037070.001,20241008
2024-10-09,600000.SH,10.19,10.19,9.62,9.62,10.19,-0.5700000000000003,-5.59,1160727.15,1183819.44,20241009
2024-10-10,600000.SH,9.76,10.18,9.75,10.01,9.62,0.39000000000000057,4.05,1016399.27,1044726.819,20241010
2024-10-11,600000.SH,10.06,10.21,9.73,9.86,10.01,-0.15000000000000036,-1.5,589376.52,606557.618,20241011
2024-10-14,600000.SH,10.01,10.23,9.95,10.09,9.86,0.23000000000000043,2.33,883077.95,918408.286,20241014
2024-10-15,600000.SH,10.14,10.22,9.95,9.95,10.09,-0.14000000000000057,-1.39,629397.33,654527.534,20241015
2024-10-16,600000.SH,9.85,10.15,9.85,10.04,9.95,0.08999999999999986,0.9,526149.74,545095.953,20241016
2024-10-17,600000.SH,10.04,10.17,9.92,9.92,10.04,-0.11999999999999922,-1.2,455766.72,471133.86,20241017
2024-10-18,600000.SH,9.88,10.03,9.73,9.85,9.92,-0.07000000000000028,-0.71,622062.82,633125.532,20241018
2024-10-21,600000.SH,9.88,9.92,9.66,9.86,9.85,0.009999999999999787,0.1,645230.34,651623.31,20241021
2024-10-22,600000.SH,9.86,9.97,9.72,9.83,9.86,-0.02999999999999936,-0.3,428033.87,432235.691,20241022
2024-10-23,600000.SH,9.82,9.95,9.8,9.88,9.83,0.05000000000000071,0.51,335661.74,341483.787,20241023
2024-10-24,600000.SH,9.82,9.95,9.82,9.84,9.88,-0.040000000000000924,-0.4,240173.41,244345.562,20241024
2024-10-25,600000.SH,9.84,9.9,9.77,9.78,9.84,-0.0600000000000005,-0.61,284199.08,287640.631,20241025
2024-10-28,600000.SH,9.8,9.8,9.66,9.76,9.78,-0.019999999999999574,-0.2,317027.45,317673.595,20241028
2024-10-29,600000.SH,9.72,9.85,9.68,9.7,9.76,-0.0600000000000005,-0.61,340698.64,341853.848,20241029
2024-10-30,600000.SH,9.7,9.82,9.62,9.65,9.7,-0.049999999999998934,-0.52,420374.16,419434.797,20241030
2024-10-31,600000.SH,9.72,9.75,9.42,9.55,9.65,-0.09999999999999964,-1.04,600213.67,589919.638,20241031
2024-11-01,600000.SH,9.57,9.71,9.48,9.65,9.55,0.09999999999999964,1.05,439392.58,435757.873,20241101
2024-11-04,600000.SH,9.68,9.71,9.55,9.7,9.65,0.049999999999998934,0.52,337732.47,335231.219,20241104
2024-11-05,600000.SH,9.68,9.76,9.62,9.76,9.7,0.0600000000000005,0.62,414748.15,414411.28,20241105
2024-11-06,600000.SH,9.74,9.84,9.61,9.66,9.76,-0.09999999999999964,-1.02,742087.23,740524.751,20241106
2024-11-07,600000.SH,9.65,9.98,9.63,9.98,9.66,0.3200000000000003,3.31,643971.91,650432.796,20241107
2024-11-08,600000.SH,10.03,10.06,9.73,9.76,9.98,-0.22000000000000064,-2.2,537647.28,545876.293,20241108
2024-11-11,600000.SH,9.61,9.82,9.38,9.43,9.76,-0.33000000000000007,-3.38,800002.94,779227.78,20241111
2024-11-12,600000.SH,9.44,9.53,9.38,9.38,9.43,-0.049999999999998934,-0.53,496827.03,483318.065,20241112
2024-11-13,600000.SH,9.35,9.45,9.32,9.35,9.38,-0.030000000000001137,-0.32,438722.01,423812.435,20241113
2024-11-14,600000.SH,9.33,9.42,9.29,9.37,9.35,0.019999999999999574,0.21,454518.96,438914.972,20241114
2024-11-15,600000.SH,9.33,9.41,9.22,9.26,9.37,-0.10999999999999943,-1.17,488212.31,469147.894,20241115
2024-11-18,600000.SH,9.37,9.8,9.36,9.54,9.26,0.27999999999999936,3.02,1006965.52,999828.599,20241118
2024-11-19,600000.SH,9.56,9.75,9.39,9.5,9.54,-0.03999999999999915,-0.42,739982.08,728900.946,20241119
2024-11-20,600000.SH,9.48,9.56,9.4,9.42,9.5,-0.08000000000000007,-0.84,454657.99,442364.52,20241120
2024-11-21,600000.SH,9.42,9.48,9.4,9.43,9.42,0.009999999999999787,0.11,296127.55,287464.178,20241121
2024-11-22,600000.SH,9.43,9.46,9.19,9.2,9.43,-0.23000000000000043,-2.44,443590.24,425677.485,20241122
2024-11-25,600000.SH,9.33,9.33,9.04,9.06,9.2,-0.1399999999999988,-1.52,609219.95,573140.42,20241125
2024-11-26,600000.SH,9.05,9.06,8.95,9.04,9.06,-0.02000000000000135,-0.22,489833.89,454616.327,20241126
2024-11-27,600000.SH,9.04,9.19,8.91,9.15,9.04,0.11000000000000121,1.22,430074.43,401498.755,20241127
2024-11-28,600000.SH,9.21,9.26,9.06,9.16,9.15,0.009999999999999787,0.11,391547.33,370385.58,20241128
2024-11-29,600000.SH,9.24,9.33,9.15,9.18,9.16,0.019999999999999574,0.22,465407.42,443290.385,20241129
2024-12-02,600000.SH,9.17,9.22,9.09,9.21,9.18,0.030000000000001137,0.33,466042.6,440070.881,20241202
2024-12-03,600000.SH,9.18,9.37,9.13,9.37,9.21,0.15999999999999837,1.74,419263.55,400570.471,20241203
2024-12-04,600000.SH,9.37,9.49,9.27,9.46,9.37,0.09000000000000163,0.96,511933.85,496410.995,20241204
2024-12-05,600000.SH,9.4,9.49,9.35,9.36,9.46,-0.10000000000000142,-1.06,291735.71,282719.717,20241205
2024-12-06,600000.SH,9.34,9.5,9.34,9.41,9.36,0.05000000000000071,0.53,406296.85,394516.285,20241206
2024-12-09,600000.SH,9.37,9.46,9.35,9.38,9.41,-0.02999999999999936,-0.32,325829.28,315468.554,20241209
2024-12-10,600000.SH,9.53,9.63,9.42,9.51,9.38,0.129999999999999,1.39,583386.43,572248.614,20241210
2024-12-11,600000.SH,9.51,9.55,9.34,9.35,9.51,-0.16000000000000014,-1.68,487627.96,472263.0,20241211
2024-12-12,600000.SH,9.37,9.53,9.31,9.53,9.35,0.17999999999999972,1.93,496515.26,482603.362,20241212
2024-12-13,600000.SH,9.47,9.51,9.32,9.38,9.53,-0.14999999999999858,-1.57,672668.75,652085.647,20241213
2024-12-16,600000.SH,9.34,9.46,9.34,9.36,9.38,-0.02000000000000135,-0.21,341836.18,331030.756,20241216
2024-12-17,600000.SH,9.37,9.41,9.22,9.25,9.36,-0.10999999999999943,-1.18,411856.94,394758.764,20241217
2024-12-18,600000.SH,9.28,9.4,9.23,9.26,9.25,0.009999999999999787,0.11,397987.41,381602.845,20241218
2024-12-19,600000.SH,9.23,9.28,9.14,9.25,9.26,-0.009999999999999787,-0.11,429877.72,408829.151,20241219
2024-12-20,600000.SH,9.29,9.43,9.27,9.3,9.25,0.05000000000000071,0.54,492980.94,473948.599,20241220
2024-12-23,600000.SH,9.35,9.78,9.32,9.64,9.3,0.33999999999999986,3.66,1164446.93,1156091.291,20241223
2024-12-24,600000.SH,9.6,9.87,9.6,9.83,9.64,0.1899999999999995,1.97,844381.52,851921.287,20241224
2024-12-25,600000.SH,9.83,10.08,9.83,10.05,9.83,0.22000000000000064,2.24,727396.0,749135.069,20241225
2024-12-26,600000.SH,10.05,10.08,9.86,10.04,10.05,-0.010000000000001563,-0.1,611522.36,628394.287,20241226
2024-12-27,600000.SH,10.03,10.08,9.82,10.06,10.04,0.02000000000000135,0.2,695063.74,714702.134,20241227
2024-12-30,600000.SH,10.04,10.18,10.01,10.16,10.06,0.09999999999999964,0.99,784778.05,818657.792,20241230
2024-12-31,600000.SH,10.12,10.25,9.98,9.99,10.16,-0.16999999999999993,-1.67,577834.43,602393.523,20241231
2025-01-02,600000.SH,10.0,10.11,9.75,9.83,9.99,-0.16000000000000014,-1.6,789071.29,803904.04,20250102
2025-01-03,600000.SH,9.82,9.92,9.73,9.76,9.83,-0.07000000000000028,-0.71,506939.44,511576.494,20250103
2025-01-06,600000.SH,9.83,9.9,9.52,9.85,9.76,0.08999999999999986,0.92,798012.76,804593.504,20250106
2025-01-07,600000.SH,9.81,10.0,9.81,9.97,9.85,0.120000000000001,1.22,402651.46,411488.492,20250107
2025-01-08,600000.SH,9.96,10.06,9.9,10.0,9.97,0.02999999999999936,0.3,482374.5,496301.045,20250108
2025-01-09,600000.SH,10.03,10.03,9.83,9.89,10.0,-0.10999999999999943,-1.1,392218.54,401208.215,20250109
2025-01-10,600000.SH,9.93,9.98,9.73,9.83,9.89,-0.0600000000000005,-0.61,319335.34,324388.873,20250110
2025-01-13,600000.SH,9.76,9.83,9.56,9.71,9.83,-0.11999999999999922,-1.22,382177.49,381632.22,20250113
2025-01-14,600000.SH,9.73,9.91,9.65,9.86,9.71,0.14999999999999858,1.54,386587.14,390328.866,20250114
2025-01-15,600000.SH,9.86,10.08,9.83,9.91,9.86,0.05000000000000071,0.51,384608.14,394080.52,20250115
2025-01-16,600000.SH,9.99,10.01,9.83,9.91,9.91,0.0,0.0,337688.88,344708.15,20250116
2025-01-17,600000.SH,9.95,10.0,9.78,9.97,9.91,0.0600000000000005,0.61,416632.18,426549.432,20250117
2025-01-20,600000.SH,10.02,10.14,9.93,10.06,9.97,0.08999999999999986,0.9,374426.22,388948.241,20250120
2025-01-21,600000.SH,10.06,10.17,9.97,10.06,10.06,0.0,0.0,308521.34,320946.733,20250121
2025-01-22,600000.SH,10.03,10.07,9.72,9.73,10.06,-0.33000000000000007,-3.28,583742.06,589944.614,20250122
2025-01-23,600000.SH,9.81,10.06,9.76,10.01,9.73,0.27999999999999936,2.88,655806.92,670951.809,20250123
2025-01-24,600000.SH,9.96,10.18,9.87,10.08,10.01,0.07000000000000028,0.7,724638.34,752560.118,20250124
2025-01-27,600000.SH,10.11,10.39,10.09,10.34,10.08,0.2599999999999998,2.58,594882.08,632694.603,20250127
2025-02-05,600000.SH,10.35,10.38,10.09,10.1,10.34,-0.2400000000000002,-2.32,517234.55,542382.245,20250205
2025-02-06,600000.SH,10.07,10.19,10.0,10.12,10.1,0.019999999999999574,0.2,385984.31,400818.917,20250206
2025-02-07,600000.SH,10.12,10.14,10.0,10.04,10.12,-0.08000000000000007,-0.79,456001.19,472723.881,20250207
2025-02-10,600000.SH,10.02,10.13,9.93,9.97,10.04,-0.06999999999999851,-0.7,412346.71,426297.964,20250210
2025-02-11,600000.SH,9.99,10.07,9.93,10.0,9.97,0.02999999999999936,0.3,346517.27,356843.47,20250211
2025-02-12,600000.SH,10.02,10.11,9.94,10.1,10.0,0.09999999999999964,1.0,331003.08,342797.074,20250212
2025-02-13,600000.SH,10.08,10.13,10.0,10.01,10.1,-0.08999999999999986,-0.89,484543.42,501218.511,20250213
2025-02-14,600000.SH,10.05,10.12,9.95,10.1,10.01,0.08999999999999986,0.9,563005.81,581842.513,20250214
2025-02-17,600000.SH,10.13,10.15,9.9,9.97,10.1,-0.129999999999999,-1.29,523111.32,538356.331,20250217
2025-02-18,600000.SH,9.96,10.23,9.91,10.19,9.97,0.21999999999999886,2.21,627839.88,654395.131,20250218
2025-02-19,600000.SH,10.14,10.28,10.11,10.13,10.19,-0.05999999999999872,-0.59,423643.39,444710.362,20250219
2025-02-20,600000.SH,10.11,10.18,10.04,10.08,10.13,-0.05000000000000071,-0.49,272235.99,283297.51,20250220
2025-02-21,600000.SH,10.08,10.12,9.93,9.99,10.08,-0.08999999999999986,-0.89,503915.37,519161.893,20250221
2025-02-24,600000.SH,9.97,10.01,9.89,9.91,9.99,-0.08000000000000007,-0.8,437414.15,447600.69,20250224
2025-02-25,600000.SH,9.9,9.95,9.77,9.8,9.91,-0.10999999999999943,-1.11,371598.66,377213.137,20250225
2025-02-26,600000.SH,9.85,10.02,9.82,9.88,9.8,0.08000000000000007,0.82,555367.05,567601.088,20250226
2025-02-27,600000.SH,9.92,9.96,9.81,9.94,9.88,0.05999999999999872,0.61,379991.69,387232.885,20250227
2025-02-28,600000.SH,9.93,10.0,9.87,9.87,9.94,-0.07000000000000028,-0.7,446511.0,457102.788,20250228
2025-03-03,600000.SH,9.89,9.92,9.78,9.85,9.87,-0.019999999999999574,-0.2,430108.99,436849.85,20250303
2025-03-04,600000.SH,9.8,9.89,9.8,9.8,9.85,-0.049999999999998934,-0.51,297697.82,301634.439,20250304
2025-03-05,600000.SH,9.84,9.96,9.75,9.95,9.8,0.14999999999999858,1.53,416863.57,424730.036,20250305
2025-03-06,600000.SH,9.95,9.96,9.78,9.83,9.95,-0.11999999999999922,-1.21,434994.24,441681.584,20250306
2025-03-07,600000.SH,9.85,9.89,9.76,9.84,9.83,0.009999999999999787,0.1,370058.82,374991.809,20250307
2025-03-10,600000.SH,9.8,9.84,9.72,9.8,9.84,-0.03999999999999915,-0.41,435944.96,438534.236,20250310
2025-03-11,600000.SH,9.74,9.82,9.73,9.82,9.8,0.019999999999999574,0.2,352081.98,354675.247,20250311
2025-03-12,600000.SH,9.82,9.88,9.72,9.82,9.82,0.0,0.0,428689.2,433414.445,20250312
2025-03-13,600000.SH,9.86,9.95,9.82,9.92,9.82,0.09999999999999964,1.02,467143.51,476613.669,20250313
2025-03-14,600000.SH,9.98,10.18,9.94,10.11,9.92,0.1899999999999995,1.92,784221.38,815108.919,20250314
2025-03-17,600000.SH,10.24,10.35,10.08,10.29,10.11,0.17999999999999972,1.78,592514.16,626647.199,20250317
2025-03-18,600000.SH,10.32,10.4,10.21,10.33,10.29,0.040000000000000924,0.39,409705.82,436226.25,20250318
2025-03-19,600000.SH,10.28,10.37,10.25,10.34,10.33,0.009999999999999787,0.1,346048.3,367827.209,20250319
2025-03-20,600000.SH,10.33,10.38,10.29,10.35,10.34,0.009999999999999787,0.1,295485.07,314685.882,20250320
2025-03-21,600000.SH,10.32,10.4,10.1,10.16,10.35,-0.1899999999999995,-1.84,563441.63,594649.834,20250321
2025-03-24,600000.SH,10.11,10.32,10.11,10.3,10.16,0.14000000000000057,1.38,464496.59,489527.179,20250324
2025-03-25,600000.SH,10.34,10.38,10.19,10.3,10.3,0.0,0.0,378754.16,401332.739,20250325
2025-03-26,600000.SH,10.29,10.3,10.14,10.16,10.3,-0.14000000000000057,-1.36,366609.81,385049.554,20250326
2025-03-27,600000.SH,10.19,10.35,10.16,10.24,10.16,0.08000000000000007,0.79,425086.71,449288.519,20250327
2025-03-28,600000.SH,10.22,10.26,10.1,10.13,10.24,-0.10999999999999943,-1.07,365729.44,382165.241,20250328
2025-03-31,600000.SH,10.16,10.32,10.05,10.12,10.13,-0.010000000000001563,-0.1,493606.87,518371.937,20250331
2025-04-01,600000.SH,10.12,10.15,9.92,10.05,10.12,-0.06999999999999851,-0.69,639203.48,659250.55,20250401
2025-04-02,600000.SH,9.99,10.25,9.99,10.15,10.05,0.09999999999999964,1.0,456256.73,477144.593,20250402
2025-04-03,600000.SH,9.99,10.19,9.99,10.17,10.15,0.019999999999999574,0.2,369193.13,384886.88,20250403
2025-04-07,600000.SH,9.97,9.98,9.18,9.37,10.17,-0.8000000000000007,-7.87,1423996.46,1395103.302,20250407
2025-04-08,600000.SH,9.48,9.99,9.46,9.9,9.37,0.5300000000000011,5.66,1494229.15,1501459.278,20250408
2025-04-09,600000.SH,9.89,9.89,9.57,9.72,9.9,-0.17999999999999972,-1.82,997145.63,997750.443,20250409
2025-04-10,600000.SH,9.88,9.88,9.62,9.71,9.72,-0.009999999999999787,-0.1,781080.87,781663.686,20250410
2025-04-11,600000.SH,9.76,9.82,9.63,9.77,9.71,0.05999999999999872,0.62,562461.96,564930.748,20250411
2025-04-14,600000.SH,9.74,9.92,9.71,9.88,9.77,0.11000000000000121,1.13,621541.63,629562.548,20250414
2025-04-15,600000.SH,9.88,10.17,9.87,10.16,9.88,0.27999999999999936,2.83,685563.08,712990.091,20250415
2025-04-16,600000.SH,10.14,10.29,10.05,10.29,10.16,0.129999999999999,1.28,740945.2,777378.645,20250416
2025-04-17,600000.SH,10.29,10.43,10.12,10.43,10.29,0.14000000000000057,1.36,704202.91,748750.237,20250417
2025-04-18,600000.SH,10.39,10.55,10.35,10.49,10.43,0.0600000000000005,0.58,480241.69,518493.334,20250418
2025-04-21,600000.SH,10.46,10.56,10.25,10.26,10.49,-0.23000000000000043,-2.19,500534.75,533248.958,20250421
2025-04-22,600000.SH,10.25,10.42,10.24,10.39,10.26,0.13000000000000078,1.27,460472.23,491852.201,20250422
2025-04-23,600000.SH,10.39,10.43,10.27,10.36,10.39,-0.030000000000001137,-0.29,339927.33,362271.178,20250423
2025-04-24,600000.SH,10.38,10.53,10.36,10.42,10.36,0.0600000000000005,0.58,397541.64,428435.9,20250424
2025-04-25,600000.SH,10.43,10.48,10.26,10.28,10.42,-0.14000000000000057,-1.34,454471.79,483223.746,20250425
2025-04-28,600000.SH,10.29,10.42,10.28,10.42,10.28,0.14000000000000057,1.36,483821.97,517574.62,20250428
2025-04-29,600000.SH,10.35,10.55,10.34,10.51,10.42,0.08999999999999986,0.86,521126.83,562869.896,20250429
2025-04-30,600000.SH,10.5,10.71,10.29,10.64,10.51,0.13000000000000078,1.24,928380.22,1011035.959,20250430
2025-05-06,600000.SH,10.68,10.86,10.48,10.84,10.64,0.1999999999999993,1.88,972646.2,1076041.107,20250506
2025-05-07,600000.SH,11.03,11.05,10.75,11.04,10.84,0.1999999999999993,1.85,719160.86,811933.127,20250507
2025-05-08,600000.SH,11.02,11.35,11.0,11.29,11.04,0.25,2.26,775985.43,899909.97,20250508
2025-05-09,600000.SH,11.31,11.53,11.28,11.45,11.29,0.16000000000000014,1.42,821480.77,967087.778,20250509
2025-05-12,600000.SH,11.48,11.63,11.31,11.37,11.45,-0.08000000000000007,-0.7,1064365.92,1258603.166,20250512
2025-05-13,600000.SH,11.38,11.79,11.33,11.72,11.37,0.3500000000000014,3.08,850380.09,1017847.179,20250513
2025-05-14,600000.SH,11.64,11.83,11.61,11.79,11.72,0.06999999999999851,0.6,721833.53,873575.368,20250514
2025-05-15,600000.SH,11.81,11.99,11.73,11.93,11.79,0.14000000000000057,1.19,649898.61,796202.036,20250515
2025-05-16,600000.SH,11.95,12.02,11.7,11.74,11.93,-0.1899999999999995,-1.59,610496.71,742473.908,20250516
2025-05-19,600000.SH,11.84,11.89,11.62,11.65,11.74,-0.08999999999999986,-0.77,631373.97,762689.367,20250519
2025-05-20,600000.SH,11.67,11.98,11.66,11.91,11.65,0.2599999999999998,2.23,800134.53,976894.439,20250520
2025-05-21,600000.SH,11.91,12.05,11.84,11.91,11.91,0.0,0.0,416720.64,513339.136,20250521
2025-05-22,600000.SH,11.86,12.16,11.83,12.06,11.91,0.15000000000000036,1.26,638950.89,792331.667,20250522
2025-05-23,600000.SH,12.03,12.11,11.86,11.87,12.06,-0.19000000000000128,-1.58,579615.97,712934.903,20250523
2025-05-26,600000.SH,11.83,11.89,11.64,11.7,11.87,-0.16999999999999993,-1.43,863758.1,1043951.444,20250526
2025-05-27,600000.SH,11.75,11.89,11.7,11.83,11.7,0.13000000000000078,1.11,511701.23,622457.334,20250527
2025-05-28,600000.SH,11.84,11.97,11.77,11.86,11.83,0.02999999999999936,0.25,457631.83,559946.076,20250528
2025-05-29,600000.SH,11.85,11.91,11.81,11.81,11.86,-0.049999999999998934,-0.42,396041.39,483788.796,20250529
2025-05-30,600000.SH,11.84,12.04,11.81,11.97,11.81,0.16000000000000014,1.35,741739.19,912668.31,20250530
2025-06-03,600000.SH,11.95,12.2,11.87,12.17,11.97,0.1999999999999993,1.67,834353.08,1038149.397,20250603
2025-06-04,600000.SH,12.11,12.16,11.97,12.02,12.17,-0.15000000000000036,-1.23,546851.33,677861.305,20250604
2025-06-05,600000.SH,12.05,12.08,11.92,11.96,12.02,-0.05999999999999872,-0.5,370145.23,456671.68,20250605
2025-06-06,600000.SH,11.97,12.03,11.85,11.96,11.96,0.0,0.0,432402.03,531488.384,20250606
2025-06-09,600000.SH,11.95,11.98,11.74,11.95,11.96,-0.010000000000001563,-0.08,565781.44,691788.949,20250609
2025-06-10,600000.SH,11.92,12.08,11.9,12.0,11.95,0.05000000000000071,0.42,498797.32,616254.416,20250610
2025-06-11,600000.SH,12.0,12.05,11.88,11.99,12.0,-0.009999999999999787,-0.08,441140.64,544126.475,20250611
2025-06-12,600000.SH,11.99,12.13,11.87,12.09,11.99,0.09999999999999964,0.83,476766.53,592474.539,20250612
2025-06-13,600000.SH,12.13,12.18,11.92,11.98,12.09,-0.10999999999999943,-0.91,618449.35,764861.363,20250613
2025-06-16,600000.SH,11.98,12.23,11.85,12.21,11.98,0.23000000000000043,1.92,510853.89,635504.882,20250616
2025-06-17,600000.SH,12.21,12.28,12.08,12.17,12.21,-0.040000000000000924,-0.33,373698.06,468354.086,20250617
2025-06-18,600000.SH,12.19,12.45,12.14,12.4,12.17,0.23000000000000043,1.89,698539.54,890776.692,20250618
2025-06-19,600000.SH,12.4,12.46,12.27,12.37,12.4,-0.030000000000001137,-0.24,437680.5,557599.593,20250619
2025-06-20,600000.SH,12.4,12.64,12.36,12.64,12.37,0.27000000000000135,2.18,697934.26,903428.591,20250620
2025-06-23,600000.SH,12.6,12.97,12.5,12.92,12.64,0.27999999999999936,2.22,810591.93,1067412.053,20250623
2025-06-24,600000.SH,12.92,13.14,12.77,12.92,12.92,0.0,0.0,842875.65,1123477.728,20250624
2025-06-25,600000.SH,12.92,13.12,12.81,13.06,12.92,0.14000000000000057,1.08,563299.11,752682.259,20250625
2025-06-26,600000.SH,13.01,13.25,12.91,13.22,13.06,0.16000000000000014,1.23,663328.82,895310.745,20250626
2025-06-27,600000.SH,13.23,13.58,13.04,13.15,13.22,-0.07000000000000028,-0.53,1451126.86,1990098.971,20250627
2025-06-30,600000.SH,13.01,13.57,12.86,13.47,13.15,0.3200000000000003,2.43,950515.0,1297775.515,20250630
2025-07-01,600000.SH,13.47,13.91,13.46,13.76,13.47,0.28999999999999915,2.15,877070.54,1242184.693,20250701
2025-07-02,600000.SH,13.78,13.98,13.68,13.78,13.76,0.019999999999999574,0.15,684841.99,977656.405,20250702
2025-07-03,600000.SH,13.79,13.86,13.68,13.76,13.78,-0.019999999999999574,-0.15,509655.51,722233.396,20250703
2025-07-04,600000.SH,13.73,14.32,13.72,14.15,13.76,0.39000000000000057,2.83,935678.7,1359237.79,20250704
2025-07-07,600000.SH,14.23,14.36,14.08,14.17,14.15,0.019999999999999574,0.14,649704.74,951840.346,20250707
2025-07-08,600000.SH,14.15,14.19,13.73,13.81,14.17,-0.35999999999999943,-2.54,1139145.56,1624827.333,20250708
2025-07-09,600000.SH,13.78,13.88,13.7,13.75,13.81,-0.0600000000000005,-0.43,817629.55,1162380.709,20250709
2025-07-10,600000.SH,13.75,13.92,13.71,13.78,13.75,0.02999999999999936,0.22,1159683.28,1652800.753,20250710
2025-07-11,600000.SH,13.75,13.82,13.39,13.39,13.78,-0.3899999999999988,-2.83,1616836.77,2258575.044,20250711
2025-07-14,600000.SH,13.35,13.73,13.35,13.69,13.39,0.29999999999999893,2.24,1149772.76,1614456.121,20250714
2025-07-15,600000.SH,13.73,13.78,13.42,13.52,13.69,-0.16999999999999993,-1.24,766732.45,1073790.981,20250715
2025-07-16,600000.SH,13.54,13.6,13.26,13.48,13.52,-0.03999999999999915,-0.3,814269.35,1092141.761,20250716
2025-07-17,600000.SH,13.48,13.58,13.4,13.44,13.48,-0.040000000000000924,-0.3,470807.5,633619.315,20250717
2025-07-18,600000.SH,13.47,13.65,13.39,13.46,13.44,0.02000000000000135,0.15,561747.33,758987.555,20250718
2025-07-21,600000.SH,13.46,13.54,13.36,13.48,13.46,0.019999999999999574,0.15,558816.59,751457.579,20250721
2025-07-22,600000.SH,13.46,13.51,13.2,13.23,13.48,-0.25,-1.85,911905.02,1212020.034,20250722
2025-07-23,600000.SH,13.2,13.49,13.2,13.33,13.23,0.09999999999999964,0.76,676733.56,904049.599,20250723
2025-07-24,600000.SH,13.37,13.37,13.05,13.06,13.33,-0.2699999999999996,-2.03,973433.11,1280091.394,20250724
2025-07-25,600000.SH,13.03,13.23,13.03,13.07,13.06,0.009999999999999787,0.08,656217.88,860317.426,20250725
2025-07-28,600000.SH,13.12,13.2,13.03,13.08,13.07,0.009999999999999787,0.08,762974.74,1002195.904,20250728
2025-07-29,600000.SH,13.07,13.12,12.78,12.79,13.08,-0.2900000000000009,-2.22,789199.64,1017205.989,20250729
2025-07-30,600000.SH,12.84,12.93,12.73,12.88,12.79,0.09000000000000163,0.7,721581.48,928059.542,20250730
2025-07-31,600000.SH,12.87,12.9,12.71,12.81,12.88,-0.07000000000000028,-0.54,685387.01,875810.524,20250731
2025-08-01,600000.SH,12.82,12.98,12.58,12.92,12.81,0.10999999999999943,0.86,793861.02,1018578.952,20250801
2025-08-04,600000.SH,12.9,13.45,12.9,13.13,12.92,0.21000000000000085,1.63,997827.28,1321632.123,20250804
2025-08-05,600000.SH,13.15,13.78,13.14,13.75,13.13,0.6199999999999992,4.72,1336465.94,1812399.938,20250805
2025-08-06,600000.SH,13.75,13.85,13.63,13.79,13.75,0.03999999999999915,0.29,848917.98,1170588.594,20250806
2025-08-07,600000.SH,14.08,14.08,13.66,13.93,13.79,0.14000000000000057,1.02,965581.41,1337645.65,20250807
2025-08-08,600000.SH,13.96,14.29,13.91,14.17,13.93,0.2400000000000002,1.72,967428.84,1367882.502,20250808
2025-08-11,600000.SH,14.1,14.2,13.85,13.98,14.17,-0.1899999999999995,-1.34,895104.37,1249751.391,20250811
2025-08-12,600000.SH,13.97,14.12,13.87,13.89,13.98,-0.08999999999999986,-0.64,766282.34,1072660.845,20250812
2025-08-13,600000.SH,13.98,14.03,13.8,13.83,13.89,-0.0600000000000005,-0.43,790396.19,1097891.525,20250813
2025-08-14,600000.SH,13.83,13.98,13.79,13.87,13.83,0.03999999999999915,0.29,712799.49,990881.029,20250814
2025-08-15,600000.SH,13.85,13.95,13.55,13.59,13.87,-0.27999999999999936,-2.02,930678.09,1271714.019,20250815
2025-08-18,600000.SH,13.53,13.72,13.47,13.64,13.59,0.05000000000000071,0.37,835799.11,1134949.185,20250818
2025-08-19,600000.SH,13.64,13.76,13.58,13.69,13.64,0.049999999999998934,0.37,494972.53,678047.554,20250819
2025-08-20,600000.SH,13.69,13.87,13.6,13.72,13.69,0.030000000000001137,0.22,603222.43,829302.744,20250820
2025-08-21,600000.SH,13.7,13.86,13.59,13.78,13.72,0.05999999999999872,0.44,574685.16,791948.364,20250821
2025-08-22,600000.SH,13.81,13.95,13.77,13.94,13.78,0.16000000000000014,1.16,640980.54,888813.234,20250822
2025-08-25,600000.SH,13.9,14.05,13.76,14.03,13.94,0.08999999999999986,0.65,631372.08,877162.425,20250825
2025-08-26,600000.SH,14.0,14.15,13.82,14.03,14.03,0.0,0.0,593658.45,831883.207,20250826
2025-08-27,600000.SH,13.95,14.0,13.7,13.75,14.03,-0.27999999999999936,-2.0,769754.07,1065617.631,20250827
2025-08-28,600000.SH,13.65,13.94,13.44,13.86,13.75,0.10999999999999943,0.8,956181.44,1314340.524,20250828
2025-08-29,600000.SH,13.81,13.99,13.63,13.63,13.86,-0.22999999999999865,-1.66,1282763.84,1769227.973,20250829
2025-09-01,600000.SH,13.68,13.9,13.45,13.49,13.63,-0.14000000000000057,-1.03,1161316.4,1584600.426,20250901
2025-09-02,600000.SH,13.43,13.75,13.39,13.73,13.49,0.2400000000000002,1.78,795271.27,1078332.698,20250902
2025-09-03,600000.SH,13.73,13.87,13.61,13.78,13.73,0.049999999999998934,0.36,754188.75,1039563.268,20250903
2025-09-04,600000.SH,13.7,13.85,13.5,13.77,13.78,-0.009999999999999787,-0.07,1012140.19,1382067.033,20250904
2025-09-05,600000.SH,13.74,13.78,13.47,13.69,13.77,-0.08000000000000007,-0.58,790386.36,1081534.596,20250905
2025-09-08,600000.SH,13.69,13.98,13.53,13.58,13.69,-0.10999999999999943,-0.8,1235534.72,1702186.554,20250908
2025-09-09,600000.SH,13.69,14.02,13.62,14.02,13.58,0.4399999999999995,3.24,1170672.4,1622965.821,20250909
2025-09-10,600000.SH,14.06,14.07,13.83,13.97,14.02,-0.049999999999998934,-0.36,836177.88,1169472.184,20250910
2025-09-11,600000.SH,13.93,14.17,13.88,14.12,13.97,0.14999999999999858,1.07,832592.71,1168876.344,20250911
2025-09-12,600000.SH,14.14,14.25,13.45,13.6,14.12,-0.5199999999999996,-3.68,1377973.97,1890112.473,20250912
2025-09-15,600000.SH,13.51,13.69,13.37,13.43,13.6,-0.16999999999999993,-1.25,840608.35,1136419.804,20250915
2025-09-16,600000.SH,13.41,13.44,13.13,13.16,13.43,-0.2699999999999996,-2.01,885057.8,1171744.736,20250916
2025-09-17,600000.SH,13.15,13.25,12.95,12.96,13.16,-0.1999999999999993,-1.52,666218.05,869297.895,20250917
2025-09-18,600000.SH,12.96,13.01,12.68,12.75,12.96,-0.21000000000000085,-1.62,1065072.76,1365758.685,20250918
2025-09-19,600000.SH,12.69,12.9,12.56,12.81,12.75,0.0600000000000005,0.47,796382.95,1015780.801,20250919
2025-09-22,600000.SH,12.78,12.8,12.5,12.54,12.81,-0.27000000000000135,-2.11,491805.87,620006.458,20250922
2025-09-23,600000.SH,12.51,12.65,12.36,12.45,12.54,-0.08999999999999986,-0.72,771591.09,962632.052,20250923
2025-09-24,600000.SH,12.45,12.54,12.06,12.22,12.45,-0.22999999999999865,-1.85,1027558.61,1255684.176,20250924
2025-09-25,600000.SH,12.23,12.55,12.13,12.43,12.22,0.20999999999999908,1.72,1288851.02,1599981.44,20250925
2025-09-26,600000.SH,12.37,12.48,11.9,12.25,12.43,-0.17999999999999972,-1.45,841710.99,1024777.756,20250926
2025-09-29,600000.SH,12.25,12.26,11.95,12.06,12.25,-0.1899999999999995,-1.55,861117.35,1041131.901,20250929
2025-09-30,600000.SH,12.07,12.11,11.81,11.9,12.06,-0.16000000000000014,-1.33,903836.09,1077479.638,20250930
2025-10-09,600000.SH,11.75,11.87,11.63,11.8,11.9,-0.09999999999999964,-0.84,812790.59,957141.423,20251009
2025-10-10,600000.SH,11.79,12.03,11.68,11.84,11.8,0.03999999999999915,0.34,937574.29,1113065.25,20251010
2025-10-13,600000.SH,11.97,12.6,11.78,12.51,11.84,0.6699999999999999,5.66,2095882.23,2580353.842,20251013
2025-10-14,600000.SH,12.45,12.87,12.31,12.77,12.51,0.2599999999999998,2.08,1463993.73,1860041.654,20251014
2025-10-15,600000.SH,12.75,13.24,12.63,13.17,12.77,0.40000000000000036,3.13,1226252.65,1591811.159,20251015
2025-10-16,600000.SH,13.16,13.53,13.11,13.32,13.17,0.15000000000000036,1.14,998385.9,1328610.597,20251016
2025-10-17,600000.SH,13.29,13.44,13.11,13.32,13.32,0.0,0.0,816932.18,1084436.74,20251017
2025-10-20,600000.SH,13.27,13.27,12.93,12.99,13.32,-0.33000000000000007,-2.48,806787.74,1053892.62,20251020
2025-10-21,600000.SH,12.99,13.3,12.92,12.99,12.99,0.0,0.0,1544032.06,2026895.576,20251021
2025-10-22,600000.SH,12.97,13.15,12.81,13.03,12.99,0.03999999999999915,0.31,1196217.45,1553039.597,20251022
2025-10-23,600000.SH,13.03,13.1,12.84,12.97,13.03,-0.05999999999999872,-0.46,806522.6,1045171.788,20251023
2025-10-24,600000.SH,12.99,13.1,12.83,12.98,12.97,0.009999999999999787,0.08,1833428.63,2383331.325,20251024
2025-10-27,600000.SH,12.92,13.06,12.83,12.97,12.98,-0.009999999999999787,-0.08,1516659.63,1964302.302,20251027
2025-10-28,600000.SH,13.01,13.07,12.23,12.39,12.97,-0.5800000000000001,-4.47,1598663.15,1992336.126,20251028
2025-10-29,600000.SH,12.31,12.36,11.75,11.81,12.39,-0.5800000000000001,-4.68,1656197.8,1970345.9,20251029
2025-10-30,600000.SH,11.79,11.83,11.62,11.64,11.81,-0.16999999999999993,-1.44,1223757.84,1430066.831,20251030
2025-10-31,600000.SH,11.72,11.74,11.49,11.49,11.64,-0.15000000000000036,-1.29,1435342.03,1657883.721,20251031
2025-11-03,600000.SH,11.49,11.64,11.37,11.41,11.49,-0.08000000000000007,-0.7,1233841.69,1414090.218,20251103
2025-11-04,600000.SH,11.4,11.63,11.36,11.62,11.41,0.20999999999999908,1.84,1349643.4,1553428.253,20251104
2025-11-05,600000.SH,11.64,11.96,11.58,11.86,11.62,0.2400000000000002,2.07,1621865.6,1915573.359,20251105
2025-11-06,600000.SH,11.8,11.8,11.59,11.66,11.86,-0.1999999999999993,-1.69,1278673.43,1491236.057,20251106
2025-11-07,600000.SH,11.64,11.75,11.59,11.7,11.66,0.03999999999999915,0.34,931251.52,1088148.705,20251107
2025-11-10,600000.SH,11.65,11.8,11.61,11.69,11.7,-0.009999999999999787,-0.09,906157.9,1060061.828,20251110
2025-11-11,600000.SH,11.67,11.73,11.6,11.67,11.69,-0.019999999999999574,-0.17,789106.62,920057.997,20251111
2025-11-12,600000.SH,11.69,11.92,11.66,11.68,11.67,0.009999999999999787,0.09,1509376.3,1773400.018,20251112
2025-11-13,600000.SH,11.66,11.72,11.51,11.66,11.68,-0.019999999999999574,-0.17,1217695.23,1414343.347,20251113
2025-11-14,600000.SH,11.61,11.77,11.61,11.62,11.66,-0.040000000000000924,-0.34,1135432.45,1326048.681,20251114
2025-11-17,600000.SH,11.6,11.65,11.35,11.37,11.62,-0.25,-2.15,984855.26,1127109.373,20251117
2025-11-18,600000.SH,11.35,11.45,11.25,11.45,11.37,0.08000000000000007,0.7,565031.39,642965.677,20251118
2025-11-19,600000.SH,11.43,11.62,11.4,11.56,11.45,0.11000000000000121,0.96,932643.86,1078378.239,20251119
2025-11-20,600000.SH,11.54,11.81,11.49,11.7,11.56,0.1399999999999988,1.21,1161250.07,1361974.217,20251120
2025-11-21,600000.SH,11.7,11.74,11.5,11.52,11.7,-0.17999999999999972,-1.54,1002487.09,1161931.513,20251121
2025-11-24,600000.SH,11.54,11.65,11.49,11.53,11.52,0.009999999999999787,0.09,948153.63,1097744.267,20251124
2025-11-25,600000.SH,11.53,11.64,11.45,11.61,11.53,0.08000000000000007,0.69,557094.57,643212.946,20251125
2025-11-26,600000.SH,11.63,11.67,11.45,11.48,11.61,-0.129999999999999,-1.12,608769.72,702261.81,20251126
2025-11-27,600000.SH,11.42,11.78,11.31,11.62,11.48,0.1399999999999988,1.22,936986.11,1086584.193,20251127
2025-11-28,600000.SH,11.6,11.7,11.46,11.48,11.62,-0.1399999999999988,-1.2,796827.06,921539.832,20251128
2025-12-01,600000.SH,11.41,11.55,11.37,11.54,11.48,0.05999999999999872,0.52,680002.14,779356.764,20251201
2025-12-02,600000.SH,11.51,11.58,11.43,11.45,11.54,-0.08999999999999986,-0.78,503314.01,577904.085,20251202
2025-12-03,600000.SH,11.42,11.5,11.3,11.3,11.45,-0.14999999999999858,-1.31,659166.85,751358.255,20251203
2025-12-04,600000.SH,11.33,11.33,11.15,11.25,11.3,-0.05000000000000071,-0.44,450668.5,506206.456,20251204
2025-12-05,600000.SH,11.23,11.32,11.14,11.26,11.25,0.009999999999999787,0.09,567707.1,637399.478,20251205
2025-12-08,600000.SH,11.26,11.43,11.23,11.39,11.26,0.13000000000000078,1.15,894183.86,1017232.427,20251208
2025-12-09,600000.SH,11.41,11.43,11.31,11.32,11.39,-0.07000000000000028,-0.61,585859.3,664542.014,20251209
