date,ts_code,open,high,low,close,pre_close,change,p_change,volume,amount,date.2,date.1,date.3,date.4,date.5,date.6,date.7,date
2022-12-07,000002.SZ,17.99,18.23,17.41,17.6,18.24,-0.639999999999997,-3.51,1396794.64,2596529.613,,,,,,,,20221207
2022-12-08,000002.SZ,17.64,18.55,17.62,18.43,17.6,0.8299999999999983,4.72,1514867.93,2900379.908,,,,,,,,20221208
2022-12-09,000002.SZ,18.42,19.62,18.32,19.46,18.43,1.0300000000000011,5.59,2177339.59,4380717.63,,,,,,,,20221209
2022-12-12,000002.SZ,19.13,19.26,18.41,18.5,19.46,-0.9600000000000009,-4.93,1159201.79,2288939.781,,,,,,,,20221212
2022-12-13,000002.SZ,18.5,18.64,18.22,18.53,18.5,0.030000000000001137,0.16,752615.03,1460346.558,,,,,,,,20221213
2022-12-14,000002.SZ,18.45,18.64,18.12,18.31,18.53,-0.22000000000000242,-1.19,790763.58,1524377.946,,,,,,,,20221214
2022-12-15,000002.SZ,17.96,18.3,17.6,18.19,18.31,-0.11999999999999744,-0.66,915828.17,1723767.162,,,,,,,,20221215
2022-12-16,000002.SZ,18.41,18.82,18.1,18.43,18.19,0.23999999999999844,1.32,976937.63,1900376.962,,,,,,,,20221216
2022-12-19,000002.SZ,18.55,18.93,18.17,18.4,18.43,-0.030000000000001137,-0.16,781337.72,1518417.577,,,,,,,,20221219
2022-12-20,000002.SZ,17.88,18.22,17.55,17.8,18.4,-0.5999999999999979,-3.26,673299.49,1267532.132,,,,,,,,20221220
2022-12-21,000002.SZ,17.91,18.03,17.68,17.79,17.8,-0.010000000000001563,-0.06,471299.66,883042.188,,,,,,,,20221221
2022-12-22,000002.SZ,18.0,18.13,17.7,17.81,17.79,0.019999999999999574,0.11,412155.56,776149.748,,,,,,,,20221222
2022-12-23,000002.SZ,17.68,18.03,17.58,17.86,17.81,0.05000000000000071,0.28,331003.4,619945.293,,,,,,,,20221223
2022-12-26,000002.SZ,17.82,17.83,17.31,17.47,17.86,-0.39000000000000057,-2.18,578845.07,1063343.596,,,,,,,,20221226
2022-12-27,000002.SZ,17.54,17.99,17.5,17.61,17.47,0.14000000000000057,0.8,459403.71,855405.355,,,,,,,,20221227
2022-12-28,000002.SZ,17.58,17.87,17.41,17.67,17.61,0.060000000000002274,0.34,397502.52,736417.992,,,,,,,,20221228
2022-12-29,000002.SZ,17.59,17.61,17.08,17.27,17.67,-0.40000000000000213,-2.26,606868.83,1099884.563,,,,,,,,20221229
2022-12-30,000002.SZ,17.34,17.42,17.05,17.31,17.27,0.03999999999999915,0.23,514863.83,935144.077,,,,,,,,20221230
2023-01-03,000002.SZ,17.22,17.6,17.01,17.34,17.31,0.030000000000001137,0.17,636399.63,1158945.281,,,,,,,,20230103
2023-01-04,000002.SZ,17.36,18.34,17.19,18.14,17.34,0.8000000000000007,4.61,1087146.91,2060317.406,,,,,,,,20230104
2023-01-05,000002.SZ,18.07,18.53,17.98,18.39,18.14,0.25,1.38,705245.23,1357011.735,,,,,,,,20230105
2023-01-06,000002.SZ,18.65,18.73,18.07,18.28,18.39,-0.10999999999999943,-0.6,721239.76,1391208.648,,,,,,,,20230106
2023-01-09,000002.SZ,18.35,18.4,17.77,17.86,18.28,-0.4200000000000017,-2.3,685065.76,1292008.008,,,,,,,,20230109
2023-01-10,000002.SZ,17.86,18.04,17.74,17.88,17.86,0.019999999999999574,0.11,482080.09,906180.275,,,,,,,,20230110
2023-01-11,000002.SZ,17.9,18.37,17.88,18.06,17.88,0.17999999999999972,1.01,669312.89,1273464.59,,,,,,,,20230111
2023-01-12,000002.SZ,17.93,17.96,17.42,17.69,18.06,-0.36999999999999744,-2.05,679412.98,1260184.289,,,,,,,,20230112
2023-01-13,000002.SZ,17.55,17.86,17.55,17.86,17.69,0.16999999999999815,0.96,414361.77,771628.015,,,,,,,,20230113
2023-01-16,000002.SZ,17.86,17.98,17.56,17.79,17.86,-0.07000000000000028,-0.39,668752.61,1248278.214,,,,,,,,20230116
2023-01-17,000002.SZ,17.81,17.93,17.46,17.82,17.79,0.030000000000001137,0.17,531441.58,988946.55,,,,,,,,20230117
2023-01-18,000002.SZ,17.83,18.02,17.54,17.58,17.82,-0.240000000000002,-1.35,531589.34,987395.603,,,,,,,,20230118
2023-01-19,000002.SZ,17.54,17.64,17.22,17.64,17.58,0.060000000000002274,0.34,634378.98,1161720.123,,,,,,,,20230119
2023-01-20,000002.SZ,17.59,17.74,17.45,17.67,17.64,0.030000000000001137,0.17,504114.09,933806.302,,,,,,,,20230120
2023-01-30,000002.SZ,17.96,18.07,17.12,17.21,17.67,-0.46000000000000085,-2.6,1270473.51,2315151.336,,,,,,,,20230130
2023-01-31,000002.SZ,17.2,17.45,17.07,17.4,17.21,0.18999999999999773,1.1,689203.41,1255458.743,,,,,,,,20230131
2023-02-01,000002.SZ,17.31,17.39,17.03,17.3,17.4,-0.09999999999999787,-0.57,690810.89,1246611.679,,,,,,,,20230201
2023-02-02,000002.SZ,17.29,17.48,17.05,17.29,17.3,-0.010000000000001563,-0.06,707210.89,1283125.789,,,,,,,,20230202
2023-02-03,000002.SZ,17.23,17.23,17.01,17.09,17.29,-0.1999999999999993,-1.16,497584.37,893421.833,,,,,,,,20230203
2023-02-06,000002.SZ,16.88,16.89,16.36,16.44,17.09,-0.6499999999999986,-3.8,1240827.14,2153492.511,,,,,,,,20230206
2023-02-07,000002.SZ,16.44,16.93,16.38,16.7,16.44,0.259999999999998,1.58,1007424.54,1769210.774,,,,,,,,20230207
2023-02-08,000002.SZ,16.68,16.97,16.62,16.64,16.7,-0.05999999999999872,-0.36,436367.36,768911.654,,,,,,,,20230208
2023-02-09,000002.SZ,16.64,16.96,16.56,16.81,16.64,0.16999999999999815,1.02,463508.35,819148.07,,,,,,,,20230209
2023-02-10,000002.SZ,16.78,17.03,16.64,16.81,16.81,0.0,0.0,449961.07,795674.133,,,,,,,,20230210
2023-02-13,000002.SZ,16.5,16.88,16.33,16.8,16.81,-0.00999999999999801,-0.06,771729.86,1351370.296,,,,,,,,20230213
2023-02-14,000002.SZ,16.82,17.03,16.71,16.84,16.8,0.03999999999999915,0.24,573618.07,1016643.12,,,,,,,,20230214
2023-02-15,000002.SZ,16.74,16.77,16.43,16.49,16.84,-0.3500000000000014,-2.08,658286.12,1142728.844,,,,,,,,20230215
2023-02-16,000002.SZ,16.5,16.82,16.34,16.48,16.49,-0.00999999999999801,-0.06,727256.27,1270775.881,,,,,,,,20230216
2023-02-17,000002.SZ,16.44,16.54,16.25,16.25,16.48,-0.23000000000000043,-1.4,488838.02,842010.133,,,,,,,,20230217
2023-02-20,000002.SZ,16.25,16.8,16.25,16.7,16.25,0.4499999999999993,2.77,834305.6,1451116.357,,,,,,,,20230220
2023-02-21,000002.SZ,17.01,17.09,16.67,16.77,16.7,0.07000000000000028,0.42,806482.42,1428804.708,,,,,,,,20230221
2023-02-22,000002.SZ,16.56,16.67,16.55,16.58,16.77,-0.19000000000000128,-1.13,374754.2,653483.958,,,,,,,,20230222
2023-02-23,000002.SZ,16.61,16.78,16.55,16.62,16.58,0.0400000000000027,0.24,402953.86,705286.111,,,,,,,,20230223
2023-02-24,000002.SZ,16.65,16.68,16.29,16.38,16.62,-0.240000000000002,-1.44,522141.88,901030.906,,,,,,,,20230224
2023-02-27,000002.SZ,16.39,16.55,16.32,16.34,16.38,-0.03999999999999915,-0.24,369424.1,637672.052,,,,,,,,20230227
2023-02-28,000002.SZ,16.39,16.42,16.08,16.3,16.34,-0.03999999999999915,-0.24,734644.03,1250302.163,,,,,,,,20230228
2023-03-01,000002.SZ,16.24,16.39,16.17,16.38,16.3,0.0799999999999983,0.49,773277.02,1323358.805,,,,,,,,20230301
2023-03-02,000002.SZ,16.17,16.19,15.86,15.91,16.38,-0.46999999999999886,-2.87,1456360.5,2445438.225,,,,,,,,20230302
2023-03-03,000002.SZ,15.94,16.01,15.77,15.99,15.91,0.08000000000000007,0.5,853120.15,1425042.514,,,,,,,,20230303
2023-03-06,000002.SZ,15.99,15.99,15.59,15.65,15.99,-0.33999999999999986,-2.13,1094292.47,1807776.504,,,,,,,,20230306
2023-03-07,000002.SZ,15.65,15.75,15.32,15.34,15.65,-0.3100000000000005,-1.98,896477.34,1463074.984,,,,,,,,20230307
2023-03-08,000002.SZ,15.35,15.4,15.17,15.3,15.34,-0.03999999999999915,-0.26,801018.68,1285441.811,,,,,,,,20230308
2023-03-09,000002.SZ,15.32,15.54,15.31,15.33,15.3,0.02999999999999936,0.2,551707.87,893633.764,,,,,,,,20230309
2023-03-10,000002.SZ,15.21,15.27,15.0,15.06,15.33,-0.2699999999999996,-1.76,532489.17,845975.858,,,,,,,,20230310
2023-03-13,000002.SZ,15.06,15.22,14.94,15.07,15.06,0.009999999999999787,0.07,510264.1,807968.031,,,,,,,,20230313
2023-03-14,000002.SZ,15.07,15.28,14.86,14.98,15.07,-0.08999999999999986,-0.6,583277.76,922276.388,,,,,,,,20230314
2023-03-15,000002.SZ,15.04,15.19,15.0,15.08,14.98,0.09999999999999964,0.67,487744.21,774104.066,,,,,,,,20230315
2023-03-16,000002.SZ,15.02,15.16,14.82,14.98,15.08,-0.09999999999999964,-0.66,482685.89,762875.485,,,,,,,,20230316
2023-03-17,000002.SZ,15.11,15.33,15.04,15.12,14.98,0.1399999999999988,0.93,703929.63,1122568.974,,,,,,,,20230317
2023-03-20,000002.SZ,15.18,15.29,14.9,14.95,15.12,-0.16999999999999993,-1.12,690895.77,1092802.294,,,,,,,,20230320
2023-03-21,000002.SZ,14.95,15.05,14.88,14.97,14.95,0.02000000000000135,0.13,467558.77,734087.325,,,,,,,,20230321
2023-03-22,000002.SZ,14.99,15.21,14.91,15.12,14.97,0.14999999999999858,1.0,662350.61,1050763.522,,,,,,,,20230322
2023-03-23,000002.SZ,15.06,15.13,14.96,15.08,15.12,-0.03999999999999915,-0.26,551031.45,871426.99,,,,,,,,20230323
2023-03-24,000002.SZ,15.09,15.17,14.86,15.04,15.08,-0.040000000000000924,-0.27,779015.89,1228146.582,,,,,,,,20230324
2023-03-27,000002.SZ,15.04,15.06,14.69,14.71,15.04,-0.3299999999999983,-2.19,845140.6,1313913.69,,,,,,,,20230327
2023-03-28,000002.SZ,14.66,14.84,14.53,14.6,14.71,-0.11000000000000121,-0.75,664532.59,1022280.957,,,,,,,,20230328
2023-03-29,000002.SZ,14.66,14.86,14.6,14.64,14.6,0.040000000000000924,0.27,654848.26,1012734.687,,,,,,,,20230329
2023-03-30,000002.SZ,14.65,14.87,14.52,14.84,14.64,0.1999999999999993,1.37,620535.39,959614.112,,,,,,,,20230330
2023-03-31,000002.SZ,14.84,14.89,14.41,14.5,14.84,-0.33999999999999986,-2.29,1349694.42,2070645.596,,,,,,,,20230331
2023-04-03,000002.SZ,14.5,14.79,14.41,14.66,14.5,0.16000000000000014,1.1,1167444.69,1798717.023,,,,,,,,20230403
2023-04-04,000002.SZ,14.63,14.66,14.34,14.41,14.66,-0.25,-1.71,1205476.78,1831317.073,,,,,,,,20230404
2023-04-06,000002.SZ,14.4,14.45,14.27,14.3,14.41,-0.10999999999999943,-0.76,793381.0,1193853.831,,,,,,,,20230406
2023-04-07,000002.SZ,14.53,15.06,14.37,15.05,14.3,0.75,5.24,2244567.26,3505357.547,,,,,,,,20230407
2023-04-10,000002.SZ,14.98,15.05,14.82,14.93,15.05,-0.120000000000001,-0.8,1076085.59,1688330.493,,,,,,,,20230410
2023-04-11,000002.SZ,14.84,15.46,14.8,15.26,14.93,0.33000000000000007,2.21,1730535.38,2766563.555,,,,,,,,20230411
2023-04-12,000002.SZ,15.29,15.4,15.08,15.27,15.26,0.009999999999999787,0.07,1046291.53,1672532.384,,,,,,,,20230412
2023-04-13,000002.SZ,15.14,15.19,15.02,15.08,15.27,-0.1899999999999995,-1.24,849113.98,1347282.809,,,,,,,,20230413
2023-04-14,000002.SZ,15.17,15.21,14.97,15.04,15.08,-0.040000000000000924,-0.27,673389.56,1066894.796,,,,,,,,20230414
2023-04-17,000002.SZ,14.95,15.16,14.87,15.15,15.04,0.11000000000000121,0.73,944568.69,1490656.937,,,,,,,,20230417
2023-04-18,000002.SZ,15.12,15.4,15.08,15.12,15.15,-0.030000000000001137,-0.2,915040.05,1464368.301,,,,,,,,20230418
2023-04-19,000002.SZ,15.12,15.16,14.69,14.72,15.12,-0.3999999999999986,-2.65,1239505.21,1936530.272,,,,,,,,20230419
2023-04-20,000002.SZ,14.69,14.77,14.56,14.68,14.72,-0.040000000000000924,-0.27,591110.02,910103.4,,,,,,,,20230420
2023-04-21,000002.SZ,14.73,14.97,14.51,14.55,14.68,-0.129999999999999,-0.89,993354.44,1541533.828,,,,,,,,20230421
2023-04-24,000002.SZ,14.55,14.55,14.11,14.17,14.55,-0.3800000000000008,-2.61,980626.44,1468467.044,,,,,,,,20230424
2023-04-25,000002.SZ,14.21,14.24,13.96,14.15,14.17,-0.019999999999999574,-0.14,646530.59,956930.895,,,,,,,,20230425
2023-04-26,000002.SZ,13.98,14.14,13.84,14.08,14.15,-0.07000000000000028,-0.49,504261.9,743782.745,,,,,,,,20230426
2023-04-27,000002.SZ,14.08,14.22,13.96,14.19,14.08,0.10999999999999943,0.78,455955.0,677275.763,,,,,,,,20230427
2023-04-28,000002.SZ,14.16,14.4,14.14,14.4,14.19,0.21000000000000085,1.48,602194.14,905353.138,,,,,,,,20230428
2023-05-04,000002.SZ,14.08,14.41,14.0,14.22,14.4,-0.17999999999999972,-1.25,725502.98,1083693.138,,,,,,,,20230504
2023-05-05,000002.SZ,14.22,14.88,14.18,14.78,14.22,0.5599999999999987,3.94,1495445.04,2297283.239,,,,,,,,20230505
2023-05-08,000002.SZ,14.63,14.84,14.39,14.82,14.78,0.040000000000000924,0.27,1033915.63,1590720.251,,,,,,,,20230508
2023-05-09,000002.SZ,14.74,15.11,14.66,14.71,14.82,-0.10999999999999943,-0.74,1259846.23,1975639.824,,,,,,,,20230509
2023-05-10,000002.SZ,14.7,14.74,14.42,14.55,14.71,-0.16000000000000014,-1.09,659029.98,1005440.708,,,,,,,,20230510
2023-05-11,000002.SZ,14.55,14.61,14.47,14.55,14.55,0.0,0.0,443346.79,677122.608,,,,,,,,20230511
2023-05-12,000002.SZ,14.5,14.59,14.32,14.32,14.55,-0.23000000000000043,-1.58,469529.53,711649.052,,,,,,,,20230512
2023-05-15,000002.SZ,14.27,14.36,14.09,14.32,14.32,0.0,0.0,655484.34,977880.698,,,,,,,,20230515
2023-05-16,000002.SZ,14.32,14.38,14.15,14.18,14.32,-0.14000000000000057,-0.98,374842.03,560629.922,,,,,,,,20230516
2023-05-17,000002.SZ,14.15,14.2,13.96,14.06,14.18,-0.11999999999999922,-0.85,506461.5,749977.591,,,,,,,,20230517
2023-05-18,000002.SZ,14.1,14.14,13.82,13.91,14.06,-0.15000000000000036,-1.07,576835.17,847045.141,,,,,,,,20230518
2023-05-19,000002.SZ,13.91,13.91,13.79,13.83,13.91,-0.08000000000000007,-0.58,396288.37,575941.557,,,,,,,,20230519
2023-05-22,000002.SZ,13.81,13.96,13.72,13.95,13.83,0.11999999999999922,0.87,375031.75,546500.269,,,,,,,,20230522
2023-05-23,000002.SZ,13.91,14.04,13.81,13.81,13.95,-0.1399999999999988,-1.0,374555.0,547422.352,,,,,,,,20230523
2023-05-24,000002.SZ,13.76,13.77,13.41,13.42,13.81,-0.39000000000000057,-2.82,752758.12,1068558.565,,,,,,,,20230524
2023-05-25,000002.SZ,13.34,13.5,13.32,13.5,13.42,0.08000000000000007,0.6,423953.43,596904.143,,,,,,,,20230525
2023-05-26,000002.SZ,13.45,13.54,13.33,13.52,13.5,0.019999999999999574,0.15,407753.57,576734.776,,,,,,,,20230526
2023-05-29,000002.SZ,13.48,13.49,13.32,13.34,13.52,-0.17999999999999972,-1.33,443018.86,622455.127,,,,,,,,20230529
2023-05-30,000002.SZ,13.31,13.66,13.0,13.66,13.34,0.3200000000000003,2.4,881968.5,1230122.038,,,,,,,,20230530
2023-05-31,000002.SZ,13.55,13.63,13.37,13.54,13.66,-0.120000000000001,-0.88,451251.37,638936.492,,,,,,,,20230531
2023-06-01,000002.SZ,13.45,13.51,13.3,13.32,13.54,-0.21999999999999886,-1.62,466628.08,656652.65,,,,,,,,20230601
2023-06-02,000002.SZ,13.36,13.92,13.33,13.81,13.32,0.4900000000000002,3.68,1180944.63,1700929.597,,,,,,,,20230602
2023-06-05,000002.SZ,13.64,13.72,13.53,13.66,13.81,-0.15000000000000036,-1.09,598670.6,857001.849,,,,,,,,20230605
2023-06-06,000002.SZ,13.62,14.11,13.61,13.75,13.66,0.08999999999999986,0.66,989286.3,1445814.461,,,,,,,,20230606
2023-06-07,000002.SZ,13.88,14.15,13.73,13.91,13.75,0.16000000000000014,1.16,815094.25,1193199.419,,,,,,,,20230607
2023-06-08,000002.SZ,13.86,14.26,13.68,14.16,13.91,0.25,1.8,1107593.83,1633962.53,,,,,,,,20230608
2023-06-09,000002.SZ,14.07,14.13,13.87,13.95,14.16,-0.21000000000000085,-1.48,694561.5,1018806.103,,,,,,,,20230609
2023-06-12,000002.SZ,13.87,13.96,13.78,13.86,13.95,-0.08999999999999986,-0.65,564546.4,822916.0,,,,,,,,20230612
2023-06-13,000002.SZ,13.81,14.08,13.81,13.91,13.86,0.05000000000000071,0.36,599748.36,878531.412,,,,,,,,20230613
2023-06-14,000002.SZ,13.92,14.03,13.68,13.7,13.91,-0.21000000000000085,-1.51,711039.47,1032947.862,,,,,,,,20230614
2023-06-15,000002.SZ,13.74,14.0,13.72,14.0,13.7,0.3000000000000007,2.19,977412.21,1428337.135,,,,,,,,20230615
2023-06-16,000002.SZ,14.02,14.2,13.83,13.83,14.0,-0.16999999999999993,-1.21,1093418.69,1603016.509,,,,,,,,20230616
2023-06-19,000002.SZ,13.88,13.89,13.48,13.5,13.83,-0.33000000000000007,-2.39,935250.55,1336427.311,,,,,,,,20230619
2023-06-20,000002.SZ,13.51,13.53,13.28,13.33,13.5,-0.16999999999999993,-1.26,703464.8,988404.655,,,,,,,,20230620
2023-06-21,000002.SZ,13.26,13.39,13.21,13.26,13.33,-0.07000000000000028,-0.53,574035.39,802846.342,,,,,,,,20230621
2023-06-26,000002.SZ,13.12,13.21,13.03,13.08,13.26,-0.17999999999999972,-1.36,488782.67,673841.858,,,,,,,,20230626
2023-06-27,000002.SZ,13.13,13.66,13.08,13.63,13.08,0.5500000000000007,4.2,1039240.86,1471684.701,,,,,,,,20230627
2023-06-28,000002.SZ,13.61,13.65,13.41,13.53,13.63,-0.10000000000000142,-0.73,518076.52,736535.509,,,,,,,,20230628
2023-06-29,000002.SZ,13.5,13.55,13.31,13.33,13.53,-0.1999999999999993,-1.48,481921.03,678095.64,,,,,,,,20230629
2023-06-30,000002.SZ,13.39,13.55,13.29,13.33,13.33,0.0,0.0,576524.35,812655.53,,,,,,,,20230630
2023-07-03,000002.SZ,13.36,13.51,13.36,13.46,13.33,0.13000000000000078,0.98,523316.16,740199.553,,,,,,,,20230703
2023-07-04,000002.SZ,13.43,13.46,13.25,13.33,13.46,-0.13000000000000078,-0.97,567657.25,794873.666,,,,,,,,20230704
2023-07-05,000002.SZ,13.28,13.38,13.27,13.29,13.33,-0.040000000000000924,-0.3,338946.84,474466.955,,,,,,,,20230705
2023-07-06,000002.SZ,13.25,13.36,13.19,13.29,13.29,0.0,0.0,432104.07,602584.921,,,,,,,,20230706
2023-07-07,000002.SZ,13.24,13.33,13.14,13.19,13.29,-0.09999999999999964,-0.75,394498.13,548059.812,,,,,,,,20230707
2023-07-10,000002.SZ,13.23,13.29,13.14,13.23,13.19,0.040000000000000924,0.3,401038.49,557204.062,,,,,,,,20230710
2023-07-11,000002.SZ,13.41,13.45,13.13,13.18,13.23,-0.05000000000000071,-0.38,664227.47,924085.441,,,,,,,,20230711
2023-07-12,000002.SZ,13.17,13.18,12.99,13.01,13.18,-0.16999999999999993,-1.29,731928.72,1004450.587,,,,,,,,20230712
2023-07-13,000002.SZ,13.04,13.14,13.04,13.13,13.01,0.120000000000001,0.92,493470.78,679888.954,,,,,,,,20230713
2023-07-14,000002.SZ,13.14,13.16,13.03,13.11,13.13,-0.02000000000000135,-0.15,476485.42,656039.817,,,,,,,,20230714
2023-07-17,000002.SZ,13.04,13.06,12.99,13.04,13.11,-0.07000000000000028,-0.53,354028.54,484269.485,,,,,,,,20230717
2023-07-18,000002.SZ,13.04,13.09,12.9,13.03,13.04,-0.009999999999999787,-0.08,439357.29,599981.94,,,,,,,,20230718
2023-07-19,000002.SZ,12.98,13.23,12.94,13.22,13.03,0.19000000000000128,1.46,770863.51,1065183.369,,,,,,,,20230719
2023-07-20,000002.SZ,13.23,13.37,13.18,13.2,13.22,-0.02000000000000135,-0.15,700939.51,978297.895,,,,,,,,20230720
2023-07-21,000002.SZ,13.2,13.4,13.14,13.3,13.2,0.10000000000000142,0.76,625378.94,875177.811,,,,,,,,20230721
2023-07-24,000002.SZ,13.43,13.46,13.08,13.13,13.3,-0.16999999999999993,-1.28,744111.95,1031602.307,,,,,,,,20230724
2023-07-25,000002.SZ,13.44,14.21,13.43,14.19,13.13,1.0599999999999987,8.07,2991339.49,4370954.452,,,,,,,,20230725
2023-07-26,000002.SZ,14.08,14.24,13.97,14.14,14.19,-0.049999999999998934,-0.35,1439549.7,2135930.247,,,,,,,,20230726
2023-07-27,000002.SZ,14.01,14.23,13.88,14.01,14.14,-0.13000000000000078,-0.92,1037571.61,1534628.937,,,,,,,,20230727
2023-07-28,000002.SZ,14.1,14.6,14.09,14.49,14.01,0.4800000000000004,3.43,1923939.23,2902779.534,,,,,,,,20230728
2023-07-31,000002.SZ,14.65,15.01,14.44,14.5,14.49,0.009999999999999787,0.07,2196229.26,3393190.698,,,,,,,,20230731
2023-08-01,000002.SZ,14.43,14.59,14.27,14.35,14.5,-0.15000000000000036,-1.03,999119.17,1514819.282,,,,,,,,20230801
2023-08-02,000002.SZ,14.35,14.55,14.28,14.32,14.35,-0.02999999999999936,-0.21,827769.26,1253444.448,,,,,,,,20230802
2023-08-03,000002.SZ,14.19,14.62,14.11,14.6,14.32,0.27999999999999936,1.96,1131833.83,1716354.478,,,,,,,,20230803
2023-08-04,000002.SZ,14.86,14.91,14.46,14.5,14.6,-0.09999999999999964,-0.68,1215862.18,1868462.463,,,,,,,,20230804
2023-08-07,000002.SZ,14.32,14.33,13.94,14.01,14.5,-0.4900000000000002,-3.38,1082192.63,1603373.73,,,,,,,,20230807
2023-08-08,000002.SZ,14.0,14.07,13.85,13.87,14.01,-0.14000000000000057,-1.0,605746.08,888231.01,,,,,,,,20230808
2023-08-09,000002.SZ,13.87,14.08,13.83,13.98,13.87,0.11000000000000121,0.79,543423.08,798494.905,,,,,,,,20230809
2023-08-10,000002.SZ,13.99,14.15,13.87,14.03,13.98,0.049999999999998934,0.36,579286.5,852497.94,,,,,,,,20230810
2023-08-11,000002.SZ,14.12,14.24,13.77,13.89,14.03,-0.1399999999999988,-1.0,802964.93,1180802.598,,,,,,,,20230811
2023-08-14,000002.SZ,13.63,13.77,13.37,13.7,13.89,-0.19000000000000128,-1.37,798589.61,1139383.492,,,,,,,,20230814
2023-08-15,000002.SZ,13.82,13.84,13.44,13.59,13.7,-0.10999999999999943,-0.8,535923.92,766921.886,,,,,,,,20230815
2023-08-16,000002.SZ,13.55,14.06,13.52,13.83,13.59,0.2400000000000002,1.77,789836.66,1147493.711,,,,,,,,20230816
2023-08-17,000002.SZ,13.71,13.92,13.6,13.82,13.83,-0.009999999999999787,-0.07,705983.63,1019721.206,,,,,,,,20230817
2023-08-18,000002.SZ,13.8,13.95,13.61,13.61,13.82,-0.21000000000000085,-1.52,550032.15,796641.269,,,,,,,,20230818
2023-08-21,000002.SZ,13.57,13.59,13.3,13.3,13.61,-0.3099999999999987,-2.28,594690.8,839974.508,,,,,,,,20230821
2023-08-22,000002.SZ,13.31,13.42,13.2,13.33,13.3,0.02999999999999936,0.23,458812.41,642001.394,,,,,,,,20230822
2023-08-23,000002.SZ,13.36,13.36,13.14,13.14,13.33,-0.1899999999999995,-1.43,452329.67,629674.422,,,,,,,,20230823
2023-08-24,000002.SZ,13.17,13.2,12.94,13.04,13.14,-0.10000000000000142,-0.76,633091.99,869725.253,,,,,,,,20230824
2023-08-25,000002.SZ,13.2,13.69,13.05,13.44,13.04,0.40000000000000036,3.07,927093.23,1237719.911,,,,,,,,20230825
2023-08-28,000002.SZ,14.4,14.41,13.98,14.05,13.44,0.6100000000000012,4.54,1853197.8,2627995.336,,,,,,,,20230828
2023-08-29,000002.SZ,14.0,14.2,13.81,14.2,14.05,0.14999999999999858,1.07,1103767.09,1549348.469,,,,,,,,20230829
2023-08-30,000002.SZ,14.1,14.45,14.05,14.2,14.2,0.0,0.0,1041034.25,1484389.801,,,,,,,,20230830
2023-08-31,000002.SZ,14.23,14.26,13.63,13.64,14.2,-0.5599999999999987,-3.94,1213105.78,1677988.995,,,,,,,,20230831
2023-09-01,000002.SZ,13.88,14.17,13.85,14.05,13.64,0.41000000000000014,3.01,1050322.97,1471799.365,,,,,,,,20230901
2023-09-04,000002.SZ,14.18,14.33,13.99,14.04,14.05,-0.010000000000001563,-0.07,1064718.2,1508359.782,,,,,,,,20230904
2023-09-05,000002.SZ,13.99,13.99,13.81,13.88,14.04,-0.15999999999999837,-1.14,603137.28,836482.035,,,,,,,,20230905
2023-09-06,000002.SZ,13.88,14.23,13.73,14.17,13.88,0.28999999999999915,2.09,1011405.01,1419625.749,,,,,,,,20230906
2023-09-07,000002.SZ,14.09,14.32,13.99,14.0,14.17,-0.16999999999999993,-1.2,836227.94,1184230.179,,,,,,,,20230907
2023-09-08,000002.SZ,13.91,13.97,13.82,13.91,14.0,-0.08999999999999986,-0.64,421709.74,585302.44,,,,,,,,20230908
2023-09-11,000002.SZ,13.92,13.95,13.58,13.7,13.91,-0.21000000000000085,-1.51,914277.52,1252187.894,,,,,,,,20230911
2023-09-12,000002.SZ,13.69,13.74,13.6,13.65,13.7,-0.049999999999998934,-0.36,419974.03,573384.436,,,,,,,,20230912
2023-09-13,000002.SZ,13.65,13.77,13.58,13.62,13.65,-0.030000000000001137,-0.22,389319.11,531662.936,,,,,,,,20230913
2023-09-14,000002.SZ,13.56,13.65,13.44,13.51,13.62,-0.10999999999999943,-0.81,403069.49,545516.704,,,,,,,,20230914
2023-09-15,000002.SZ,13.59,13.62,13.41,13.42,13.51,-0.08999999999999986,-0.67,389514.14,525536.302,,,,,,,,20230915
2023-09-18,000002.SZ,13.4,13.43,13.27,13.31,13.42,-0.10999999999999943,-0.82,431855.44,575397.416,,,,,,,,20230918
2023-09-19,000002.SZ,13.32,13.36,13.24,13.3,13.31,-0.009999999999999787,-0.08,335695.97,446329.07,,,,,,,,20230919
2023-09-20,000002.SZ,13.3,13.35,13.23,13.29,13.3,-0.010000000000001563,-0.08,278409.07,370524.587,,,,,,,,20230920
2023-09-21,000002.SZ,13.33,13.43,13.26,13.26,13.29,-0.02999999999999936,-0.23,370854.54,493994.246,,,,,,,,20230921
2023-09-22,000002.SZ,13.24,13.41,13.2,13.39,13.26,0.13000000000000078,0.98,443562.52,590420.853,,,,,,,,20230922
2023-09-25,000002.SZ,13.34,13.35,13.11,13.14,13.39,-0.25,-1.87,469000.34,617777.509,,,,,,,,20230925
2023-09-26,000002.SZ,13.14,13.19,13.06,13.07,13.14,-0.07000000000000028,-0.53,321782.43,421283.756,,,,,,,,20230926
2023-09-27,000002.SZ,13.02,13.14,13.02,13.05,13.07,-0.019999999999999574,-0.15,394943.33,515818.311,,,,,,,,20230927
2023-09-28,000002.SZ,13.08,13.12,13.03,13.08,13.05,0.02999999999999936,0.23,300513.21,392481.526,,,,,,,,20230928
2023-10-09,000002.SZ,13.06,13.06,12.75,12.89,13.08,-0.1899999999999995,-1.45,662575.33,852986.772,,,,,,,,20231009
2023-10-10,000002.SZ,12.89,12.96,12.81,12.82,12.89,-0.07000000000000028,-0.54,305882.97,393942.063,,,,,,,,20231010
2023-10-11,000002.SZ,12.85,12.87,12.66,12.77,12.82,-0.05000000000000071,-0.39,523140.28,667974.131,,,,,,,,20231011
2023-10-12,000002.SZ,12.81,12.88,12.74,12.84,12.77,0.07000000000000028,0.55,381317.05,488865.228,,,,,,,,20231012
2023-10-13,000002.SZ,12.75,12.78,12.58,12.59,12.84,-0.25,-1.95,467602.87,591233.837,,,,,,,,20231013
2023-10-16,000002.SZ,12.56,12.61,12.14,12.21,12.59,-0.379999999999999,-3.02,754083.92,928225.584,,,,,,,,20231016
2023-10-17,000002.SZ,12.2,12.22,11.95,11.98,12.21,-0.23000000000000043,-1.88,726794.83,874081.581,,,,,,,,20231017
2023-10-18,000002.SZ,11.92,11.93,11.71,11.71,11.98,-0.2699999999999996,-2.25,677911.31,800073.564,,,,,,,,20231018
2023-10-19,000002.SZ,11.66,11.67,11.45,11.46,11.71,-0.25,-2.13,747899.47,862533.491,,,,,,,,20231019
2023-10-20,000002.SZ,11.41,11.8,11.35,11.66,11.46,0.1999999999999993,1.75,837666.35,973007.863,,,,,,,,20231020
2023-10-23,000002.SZ,11.58,11.81,11.49,11.62,11.66,-0.040000000000000924,-0.34,568355.17,662535.41,,,,,,,,20231023
2023-10-24,000002.SZ,11.65,11.8,11.6,11.66,11.62,0.040000000000000924,0.34,528359.53,617809.457,,,,,,,,20231024
2023-10-25,000002.SZ,11.84,11.94,11.69,11.7,11.66,0.03999999999999915,0.34,455861.72,536531.805,,,,,,,,20231025
2023-10-26,000002.SZ,11.62,11.69,11.5,11.57,11.7,-0.129999999999999,-1.11,427222.54,493674.466,,,,,,,,20231026
2023-10-27,000002.SZ,11.53,11.65,11.46,11.63,11.57,0.0600000000000005,0.52,691658.85,801119.738,,,,,,,,20231027
2023-10-30,000002.SZ,11.56,11.7,11.5,11.6,11.63,-0.030000000000001137,-0.26,720614.04,834401.751,,,,,,,,20231030
2023-10-31,000002.SZ,11.56,11.66,11.22,11.33,11.6,-0.2699999999999996,-2.33,1179876.65,1342633.496,,,,,,,,20231031
2023-11-01,000002.SZ,11.32,11.43,11.27,11.34,11.33,0.009999999999999787,0.09,666931.77,757108.092,,,,,,,,20231101
2023-11-02,000002.SZ,11.34,11.43,11.22,11.22,11.34,-0.11999999999999922,-1.06,594029.33,672393.759,,,,,,,,20231102
2023-11-03,000002.SZ,11.24,11.28,11.07,11.27,11.22,0.049999999999998934,0.45,829990.98,929764.546,,,,,,,,20231103
2023-11-06,000002.SZ,11.5,12.07,11.42,11.97,11.27,0.7000000000000011,6.21,1950902.72,2301447.458,,,,,,,,20231106
2023-11-07,000002.SZ,12.2,12.2,11.86,11.93,11.97,-0.040000000000000924,-0.33,1610167.17,1935443.869,,,,,,,,20231107
2023-11-08,000002.SZ,11.83,12.27,11.8,12.13,11.93,0.20000000000000107,1.68,1345098.03,1628017.675,,,,,,,,20231108
2023-11-09,000002.SZ,12.1,12.15,11.91,11.96,12.13,-0.16999999999999993,-1.4,814955.73,978437.341,,,,,,,,20231109
2023-11-10,000002.SZ,11.91,11.94,11.74,11.89,11.96,-0.07000000000000028,-0.59,706795.93,835318.638,,,,,,,,20231110
2023-11-13,000002.SZ,11.83,11.87,11.62,11.72,11.89,-0.16999999999999993,-1.43,673656.42,788733.366,,,,,,,,20231113
2023-11-14,000002.SZ,11.72,11.84,11.68,11.78,11.72,0.05999999999999872,0.51,610994.09,717964.247,,,,,,,,20231114
2023-11-15,000002.SZ,11.99,12.08,11.88,11.89,11.78,0.11000000000000121,0.93,950346.61,1137288.346,,,,,,,,20231115
2023-11-16,000002.SZ,11.85,11.89,11.7,11.8,11.89,-0.08999999999999986,-0.76,622641.18,734010.177,,,,,,,,20231116
2023-11-17,000002.SZ,11.73,11.8,11.56,11.62,11.8,-0.1800000000000015,-1.53,639118.11,743393.458,,,,,,,,20231117
2023-11-20,000002.SZ,11.71,11.74,11.55,11.57,11.62,-0.049999999999998934,-0.43,574482.45,666897.106,,,,,,,,20231120
2023-11-21,000002.SZ,11.79,12.2,11.75,11.92,11.57,0.34999999999999964,3.03,2015480.82,2425684.207,,,,,,,,20231121
2023-11-22,000002.SZ,11.85,12.2,11.82,11.84,11.92,-0.08000000000000007,-0.67,1253116.29,1504457.958,,,,,,,,20231122
2023-11-23,000002.SZ,11.86,12.29,11.79,12.17,11.84,0.33000000000000007,2.79,1539923.76,1864830.413,,,,,,,,20231123
2023-11-24,000002.SZ,12.19,12.3,12.08,12.12,12.17,-0.05000000000000071,-0.41,1072201.63,1306244.382,,,,,,,,20231124
2023-11-27,000002.SZ,12.06,12.06,11.66,11.8,12.12,-0.3199999999999985,-2.64,993329.34,1175277.162,,,,,,,,20231127
2023-11-28,000002.SZ,11.8,11.88,11.7,11.75,11.8,-0.05000000000000071,-0.42,486662.38,572670.876,,,,,,,,20231128
2023-11-29,000002.SZ,11.75,11.78,11.42,11.46,11.75,-0.28999999999999915,-2.47,788297.02,909376.432,,,,,,,,20231129
2023-11-30,000002.SZ,11.41,11.55,11.4,11.44,11.46,-0.02000000000000135,-0.17,388315.87,445595.911,,,,,,,,20231130
2023-12-01,000002.SZ,11.44,11.53,11.28,11.4,11.44,-0.03999999999999915,-0.35,665403.36,757220.17,,,,,,,,20231201
2023-12-04,000002.SZ,11.35,11.4,11.16,11.18,11.4,-0.22000000000000064,-1.93,700534.32,786401.468,,,,,,,,20231204
2023-12-05,000002.SZ,11.16,11.16,10.78,10.79,11.18,-0.39000000000000057,-3.49,950086.17,1038468.876,,,,,,,,20231205
2023-12-06,000002.SZ,10.79,10.93,10.66,10.85,10.79,0.0600000000000005,0.56,617634.81,667358.268,,,,,,,,20231206
2023-12-07,000002.SZ,10.78,10.95,10.75,10.9,10.85,0.05000000000000071,0.46,454351.29,493444.986,,,,,,,,20231207
2023-12-08,000002.SZ,10.87,10.89,10.74,10.78,10.9,-0.120000000000001,-1.1,493010.5,532459.094,,,,,,,20231208.0,20231208
2023-12-11,000002.SZ,10.68,10.68,10.43,10.63,10.78,-0.1499999999999985,-1.39,819722.43,863644.98,,,,,,,20231211.0,20231211
2023-12-12,000002.SZ,10.81,11.09,10.68,11.01,10.63,0.379999999999999,3.57,1140691.18,1243910.063,,,,,,,20231212.0,20231212
2023-12-13,000002.SZ,10.85,10.85,10.62,10.64,11.01,-0.3699999999999992,-3.36,865832.43,927587.528,,,,,,,20231213.0,20231213
2023-12-14,000002.SZ,10.67,10.77,10.47,10.5,10.64,-0.1400000000000005,-1.32,611202.34,647778.488,,,,,,,20231214.0,20231214
2023-12-15,000002.SZ,10.63,10.81,10.6,10.64,10.5,0.1400000000000005,1.33,884465.01,946999.076,,,,,,,20231215.0,20231215
2023-12-18,000002.SZ,10.56,10.76,10.4,10.54,10.64,-0.1000000000000014,-0.94,585930.24,621401.681,,,,,,,20231218.0,20231218
2023-12-19,000002.SZ,10.51,10.54,10.29,10.38,10.54,-0.1599999999999983,-1.52,597439.79,620990.196,,,,,,,20231219.0,20231219
2023-12-20,000002.SZ,10.36,10.43,10.25,10.26,10.38,-0.120000000000001,-1.16,493585.46,509750.753,,,,,,,20231220.0,20231220
2023-12-21,000002.SZ,10.2,10.44,10.18,10.42,10.26,0.1600000000000001,1.56,552841.33,572843.005,,,,,,,20231221.0,20231221
2023-12-22,000002.SZ,10.4,10.5,10.31,10.38,10.42,-0.0399999999999991,-0.38,470699.41,489190.06,,,,,,,20231222.0,20231222
2023-12-25,000002.SZ,10.34,10.38,10.28,10.3,10.38,-0.08,-0.77,273204.74,281790.7,,,,,,,20231225.0,20231225
2023-12-26,000002.SZ,10.3,10.33,10.14,10.17,10.3,-0.1300000000000007,-1.26,351023.46,357361.333,,,,,,,20231226.0,20231226
2023-12-27,000002.SZ,10.17,10.25,10.09,10.17,10.17,0.0,0.0,343637.64,348965.492,,,,,,,20231227.0,20231227
2023-12-28,000002.SZ,10.15,10.56,10.1,10.52,10.17,0.3499999999999996,3.44,789808.28,821641.064,,,,,,,20231228.0,20231228
2023-12-29,000002.SZ,10.48,10.59,10.39,10.46,10.52,-0.0599999999999987,-0.57,614077.78,642736.575,,,,,,,20231229.0,20231229
2024-01-02,000002.SZ,10.44,10.48,10.15,10.15,10.46,-0.3100000000000005,-2.96,811106.29,830765.5,,,,,,,20240102.0,20240102
2024-01-03,000002.SZ,10.15,10.23,10.04,10.13,10.15,-0.0199999999999995,-0.2,610921.07,618688.241,,,,,,,20240103.0,20240103
2024-01-04,000002.SZ,10.1,10.11,9.89,9.93,10.13,-0.200000000000001,-1.97,851918.84,847124.418,,,,,,,20240104.0,20240104
2024-01-05,000002.SZ,9.92,10.13,9.88,9.99,9.93,0.0600000000000005,0.6,739604.01,741466.026,,,,,,,20240105.0,20240105
2024-01-08,000002.SZ,10.03,10.11,9.81,9.82,9.99,-0.1699999999999999,-1.7,658006.94,652931.69,,,,,,,20240108.0,20240108
2024-01-09,000002.SZ,9.83,9.98,9.73,9.88,9.82,0.0600000000000005,0.61,530899.95,523365.686,,,,,,,20240109.0,20240109
2024-01-10,000002.SZ,9.85,9.88,9.72,9.74,9.88,-0.1400000000000005,-1.42,608315.39,595513.419,,,,,,,20240110.0,20240110
2024-01-11,000002.SZ,9.73,9.81,9.62,9.76,9.74,0.0199999999999995,0.21,731623.45,710953.209,,,,,,,20240111.0,20240111
2024-01-12,000002.SZ,9.7,9.87,9.66,9.7,9.76,-0.0600000000000005,-0.61,718737.4,701754.67,,,,,,,20240112.0,20240112
2024-01-15,000002.SZ,9.62,9.78,9.44,9.71,9.7,0.0100000000000015,0.1,785605.51,756259.321,,,,,,,20240115.0,20240115
2024-01-16,000002.SZ,9.67,9.7,9.48,9.61,9.71,-0.1000000000000014,-1.03,659466.8,632545.915,,,,,,,20240116.0,20240116
2024-01-17,000002.SZ,9.57,9.57,9.31,9.34,9.61,-0.2699999999999996,-2.81,795633.65,748619.572,,,,,,,20240117.0,20240117
2024-01-18,000002.SZ,9.29,9.41,9.13,9.4,9.34,0.0600000000000005,0.64,893506.61,828888.217,,,,,,,20240118.0,20240118
2024-01-19,000002.SZ,9.31,9.45,9.27,9.41,9.4,0.0099999999999997,0.11,609296.56,572149.472,,,,,,,20240119.0,20240119
2024-01-22,000002.SZ,9.27,9.3,9.0,9.05,9.41,-0.3599999999999994,-3.83,937344.55,859889.046,,,,,,,20240122.0,20240122
2024-01-23,000002.SZ,9.0,9.21,8.93,9.18,9.05,0.129999999999999,1.44,781749.35,711069.915,,,,,,,20240123.0,20240123
2024-01-24,000002.SZ,9.23,9.44,9.1,9.41,9.18,0.2300000000000004,2.51,844241.62,784494.95,,,,,,,20240124.0,20240124
2024-01-25,000002.SZ,9.46,9.97,9.42,9.96,9.41,0.5500000000000007,5.84,1512856.3,1473854.621,,,,,,,20240125.0,20240125
2024-01-26,000002.SZ,9.95,10.35,9.9,10.2,9.96,0.2399999999999984,2.41,1621424.07,1649473.06,,,,,,,20240126.0,20240126
2024-01-29,000002.SZ,10.41,10.45,10.06,10.06,10.2,-0.1399999999999988,-1.37,1145297.28,1167014.934,,,,,,,20240129.0,20240129
2024-01-30,000002.SZ,10.0,10.05,9.79,9.79,10.06,-0.2700000000000013,-2.68,797927.08,790365.419,,,,,,,20240130.0,20240130
2024-01-31,000002.SZ,9.77,9.85,9.56,9.6,9.79,-0.1899999999999995,-1.94,674788.6,652727.449,,,,,,,20240131.0,20240131
2024-02-01,000002.SZ,9.53,9.66,9.42,9.44,9.6,-0.1600000000000001,-1.67,627860.32,598048.552,,,,,,,20240201.0,20240201
2024-02-02,000002.SZ,9.45,9.83,9.17,9.49,9.44,0.0500000000000007,0.53,912154.29,869058.342,,,,,,,20240202.0,20240202
2024-02-05,000002.SZ,9.38,9.44,9.03,9.18,9.49,-0.3100000000000005,-3.27,1005139.14,928648.159,,,,,,,20240205.0,20240205
2024-02-06,000002.SZ,9.15,9.56,9.08,9.51,9.18,0.33,3.59,1080198.41,1009332.264,,,,,,,20240206.0,20240206
2024-02-07,000002.SZ,9.51,9.63,9.42,9.52,9.51,0.0099999999999997,0.11,1155527.71,1098891.191,,,,,,,20240207.0,20240207
2024-02-08,000002.SZ,9.66,10.08,9.61,10.06,9.52,0.5400000000000009,5.67,1346286.56,1328244.723,,,,,,,20240208.0,20240208
2024-02-19,000002.SZ,10.09,10.1,9.67,9.84,10.06,-0.2200000000000006,-2.19,1356869.73,1329346.819,,,,,,,20240219.0,20240219
2024-02-20,000002.SZ,9.9,10.02,9.78,9.9,9.84,0.0600000000000005,0.61,908515.87,897981.305,,,,,,,20240220.0,20240220
2024-02-21,000002.SZ,9.78,10.49,9.69,10.21,9.9,0.3100000000000005,3.13,1834888.83,1865477.949,,,,,,,20240221.0,20240221
2024-02-22,000002.SZ,10.12,10.24,10.04,10.15,10.21,-0.0600000000000005,-0.59,923216.68,934646.83,,,,,,,20240222.0,20240222
2024-02-23,000002.SZ,10.16,10.25,10.11,10.2,10.15,0.0499999999999989,0.49,945694.9,962524.829,,,,,,,20240223.0,20240223
2024-02-26,000002.SZ,10.17,10.19,9.95,9.98,10.2,-0.2199999999999988,-2.16,1105922.9,1108552.739,,,,,,,20240226.0,20240226
2024-02-27,000002.SZ,9.94,10.07,9.9,10.06,9.98,0.08,0.8,838920.0,838638.645,,,,,,,20240227.0,20240227
2024-02-28,000002.SZ,10.06,10.16,9.93,9.93,10.06,-0.1300000000000007,-1.29,1232697.38,1239814.018,,,,,,,20240228.0,20240228
2024-02-29,000002.SZ,9.85,10.04,9.84,10.04,9.93,0.1099999999999994,1.11,1113841.38,1104648.476,,,,,,,20240229.0,20240229
2024-03-01,000002.SZ,9.99,10.01,9.82,9.89,10.04,-0.1499999999999985,-1.49,1092651.77,1082469.101,,,,,,,20240301.0,20240301
2024-03-04,000002.SZ,9.7,9.7,9.38,9.43,9.89,-0.4600000000000008,-4.65,2014191.0,1908537.709,,,,,,,20240304.0,20240304
2024-03-05,000002.SZ,9.32,9.49,9.2,9.48,9.43,0.0500000000000007,0.53,1605444.46,1501309.272,,,,,,,20240305.0,20240305
2024-03-06,000002.SZ,9.39,9.45,9.27,9.33,9.48,-0.1500000000000003,-1.58,1038601.59,971313.915,,,,,,,20240306.0,20240306
2024-03-07,000002.SZ,9.31,9.37,9.21,9.21,9.33,-0.1199999999999992,-1.29,1046596.41,971392.354,,,,,,,20240307.0,20240307
2024-03-08,000002.SZ,9.21,9.24,9.09,9.18,9.21,-0.0300000000000011,-0.33,1007474.63,921569.643,,,,,,,20240308.0,20240308
2024-03-11,000002.SZ,9.29,9.46,9.23,9.46,9.18,0.2800000000000011,3.05,1556540.21,1457930.557,,,,,,,20240311.0,20240311
2024-03-12,000002.SZ,9.4,10.2,9.36,10.0,9.46,0.5399999999999991,5.71,3324020.87,3258862.393,,,,,,,20240312.0,20240312
2024-03-13,000002.SZ,9.83,9.87,9.66,9.69,10.0,-0.3100000000000005,-3.1,1935996.84,1886154.85,,,,,,,20240313.0,20240313
2024-03-14,000002.SZ,9.64,9.86,9.6,9.71,9.69,0.0200000000000013,0.21,1381990.38,1343777.192,,,,,,,20240314.0,20240314
2024-03-15,000002.SZ,9.62,9.71,9.4,9.47,9.71,-0.2400000000000002,-2.47,1446176.8,1371561.857,,,,,,,20240315.0,20240315
2024-03-18,000002.SZ,9.46,9.46,9.32,9.44,9.47,-0.0300000000000011,-0.32,1138585.37,1068187.933,,,,,,,20240318.0,20240318
2024-03-19,000002.SZ,9.39,9.43,9.32,9.33,9.44,-0.1099999999999994,-1.17,962478.35,901173.498,,,,,,,20240319.0,20240319
2024-03-20,000002.SZ,9.3,9.38,9.26,9.36,9.33,0.0299999999999993,0.32,732955.06,683305.445,,,,,,,20240320.0,20240320
2024-03-21,000002.SZ,9.36,9.52,9.34,9.4,9.36,0.0400000000000009,0.43,1157672.13,1092718.088,,,,,,,20240321.0,20240321
2024-03-22,000002.SZ,9.36,9.37,9.17,9.26,9.4,-0.1400000000000005,-1.49,1031186.06,953270.747,,,,,,,20240322.0,20240322
2024-03-25,000002.SZ,9.28,9.49,9.18,9.34,9.26,0.08,0.86,1209347.52,1129292.104,,,,,,,20240325.0,20240325
2024-03-26,000002.SZ,9.33,9.52,9.3,9.46,9.34,0.120000000000001,1.28,1177543.96,1108893.914,,,,,,,20240326.0,20240326
2024-03-27,000002.SZ,9.42,9.43,9.2,9.21,9.46,-0.25,-2.64,915095.35,850076.209,,,,,,,20240327.0,20240327
2024-03-28,000002.SZ,9.18,9.32,9.17,9.24,9.21,0.0299999999999993,0.33,671161.32,621065.546,,,,,,,20240328.0,20240328
2024-03-29,000002.SZ,8.96,9.1,8.89,9.0,9.24,-0.2400000000000002,-2.6,1481694.76,1329611.279,,,,,,,20240329.0,20240329
2024-04-01,000002.SZ,8.94,9.12,8.92,8.98,9.0,-0.0199999999999995,-0.22,1438313.61,1291680.174,,,,,,,20240401.0,20240401
2024-04-02,000002.SZ,8.9,8.91,8.45,8.5,8.98,-0.4800000000000004,-5.35,2930946.04,2516001.934,,,,,,,20240402.0,20240402
2024-04-03,000002.SZ,8.4,8.43,8.19,8.19,8.5,-0.3100000000000005,-3.65,1959391.09,1622199.629,,,,,,,20240403.0,20240403
2024-04-08,000002.SZ,8.05,8.1,7.98,8.0,8.19,-0.1899999999999995,-2.32,1520376.31,1221323.511,,,,,,,20240408.0,20240408
2024-04-09,000002.SZ,8.0,8.06,7.92,7.99,8.0,-0.0099999999999997,-0.12,1091805.7,870698.25,,,,,,,20240409.0,20240409
2024-04-10,000002.SZ,7.98,7.98,7.48,7.58,7.99,-0.4100000000000001,-5.13,2471998.85,1898094.787,,,,,,,20240410.0,20240410
2024-04-11,000002.SZ,7.42,7.51,7.31,7.44,7.58,-0.1399999999999996,-1.85,1750991.64,1298404.122,,,,,,,20240411.0,20240411
2024-04-12,000002.SZ,7.36,7.43,7.09,7.1,7.44,-0.3400000000000007,-4.57,2352432.94,1693174.054,,,,,,,20240412.0,20240412
2024-04-15,000002.SZ,7.02,7.3,7.0,7.14,7.1,0.04,0.56,1789182.81,1284794.023,,,,,,,20240415.0,20240415
2024-04-16,000002.SZ,7.09,7.25,6.91,7.07,7.14,-0.0699999999999994,-0.98,2156642.13,1523100.46,,,,,,,20240416.0,20240416
2024-04-17,000002.SZ,7.05,7.21,7.02,7.1,7.07,0.0299999999999993,0.42,2431274.05,1726349.211,,,,,,,20240417.0,20240417
2024-04-18,000002.SZ,7.02,7.05,6.87,6.88,7.1,-0.2199999999999997,-3.1,3068855.07,2131652.933,,,,,,,20240418.0,20240418
2024-04-19,000002.SZ,6.78,6.85,6.67,6.7,6.88,-0.1799999999999997,-2.62,2253928.78,1519273.127,,,,,,,20240419.0,20240419
2024-04-22,000002.SZ,6.67,6.85,6.63,6.69,6.7,-0.0099999999999997,-0.15,1838418.93,1236158.774,,,,,,,20240422.0,20240422
2024-04-23,000002.SZ,6.7,6.72,6.54,6.57,6.69,-0.1200000000000001,-1.79,1794209.81,1186653.929,,,,,,,20240423.0,20240423
2024-04-24,000002.SZ,6.59,6.61,6.48,6.54,6.57,-0.0300000000000002,-0.46,1570540.69,1025027.313,,,,,,,20240424.0,20240424
2024-04-25,000002.SZ,6.5,6.68,6.48,6.55,6.54,0.0099999999999997,0.15,1921764.43,1263789.98,,,,,,,20240425.0,20240425
2024-04-26,000002.SZ,6.56,6.88,6.45,6.87,6.55,0.3200000000000003,4.89,4055360.7,2720043.894,,,,,,,20240426.0,20240426
2024-04-29,000002.SZ,6.77,7.56,6.76,7.56,6.87,0.6899999999999995,10.04,4944659.59,3593552.303,,,,,,,20240429.0,20240429
2024-04-30,000002.SZ,7.7,7.79,7.35,7.41,7.56,-0.1499999999999994,-1.98,6307974.85,4741698.153,,,,,,,20240430.0,20240430
2024-05-06,000002.SZ,7.63,7.88,7.44,7.46,7.41,0.0499999999999998,0.67,5244937.88,3996921.703,,,,,,,20240506.0,20240506
2024-05-07,000002.SZ,7.36,7.68,7.32,7.52,7.46,0.0599999999999996,0.8,4190289.12,3134400.133,,,,,,,20240507.0,20240507
2024-05-08,000002.SZ,7.45,7.49,7.19,7.2,7.52,-0.3199999999999994,-4.26,2758773.45,2011058.429,,,,,,,20240508.0,20240508
2024-05-09,000002.SZ,7.24,7.51,7.18,7.3,7.2,0.0999999999999996,1.39,3258851.2,2387599.396,,,,,,,20240509.0,20240509
2024-05-10,000002.SZ,7.4,7.65,7.32,7.56,7.3,0.2599999999999998,3.56,4441031.39,3327665.201,,,,,,,20240510.0,20240510
2024-05-13,000002.SZ,7.43,7.49,7.33,7.42,7.56,-0.1399999999999996,-1.85,2291684.61,1697406.083,,,,,,,20240513.0,20240513
2024-05-14,000002.SZ,7.42,7.56,7.38,7.46,7.42,0.04,0.54,2287682.82,1708969.778,,,,,,,20240514.0,20240514
2024-05-15,000002.SZ,7.41,7.98,7.39,7.73,7.46,0.2700000000000004,3.62,4910563.23,3781687.536,,,,,,,20240515.0,20240515
2024-05-16,000002.SZ,7.7,8.34,7.69,8.18,7.73,0.4499999999999993,5.82,6635870.18,5380018.501,,,,,,,20240516.0,20240516
2024-05-17,000002.SZ,8.33,9.0,8.0,9.0,8.18,0.8200000000000003,10.02,9247184.12,7817273.219,,,,,,,20240517.0,20240517
2024-05-20,000002.SZ,9.0,9.45,8.8,9.18,9.0,0.1799999999999997,2.0,8809696.18,7992341.863,,,,,,,20240520.0,20240520
2024-05-21,000002.SZ,9.0,9.33,8.93,9.19,9.18,0.0099999999999997,0.11,4708288.34,4309702.274,,,,,,,20240521.0,20240521
2024-05-22,000002.SZ,9.24,9.92,9.11,9.4,9.19,0.2100000000000008,2.29,7193790.05,6822008.314,,,,,,,20240522.0,20240522
2024-05-23,000002.SZ,9.23,9.56,9.1,9.56,9.4,0.1600000000000001,1.7,6062271.45,5631550.905,,,,,,,20240523.0,20240523
2024-05-24,000002.SZ,9.29,9.36,8.94,8.99,9.56,-0.5700000000000003,-5.96,4808105.64,4382155.739,,,,,,,20240524.0,20240524
2024-05-27,000002.SZ,8.82,8.89,8.68,8.87,8.99,-0.120000000000001,-1.33,3411716.13,2997852.875,,,,,,,20240527.0,20240527
2024-05-28,000002.SZ,8.96,8.99,8.48,8.52,8.87,-0.3499999999999996,-3.95,3859230.48,3349119.894,,,,,,,20240528.0,20240528
2024-05-29,000002.SZ,8.53,8.84,8.5,8.58,8.52,0.0600000000000005,0.7,2909450.5,2518232.0,,,,,,,20240529.0,20240529
2024-05-30,000002.SZ,8.49,8.56,8.18,8.27,8.58,-0.3100000000000005,-3.61,3216483.41,2670654.188,,,,,,,20240530.0,20240530
2024-05-31,000002.SZ,8.35,8.44,8.15,8.25,8.27,-0.0199999999999995,-0.24,2455016.53,2035350.171,,,,,,,20240531.0,20240531
2024-06-03,000002.SZ,8.18,8.26,8.01,8.09,8.25,-0.1600000000000001,-1.94,2166522.01,1752503.894,,,,,,,20240603.0,20240603
2024-06-04,000002.SZ,8.08,8.47,7.97,8.36,8.09,0.2699999999999996,3.34,3468693.95,2870820.826,,,,,,,20240604.0,20240604
2024-06-05,000002.SZ,8.29,8.32,8.11,8.11,8.36,-0.25,-2.99,1891027.25,1544906.105,,,,,,,20240605.0,20240605
2024-06-06,000002.SZ,8.2,8.3,7.93,8.02,8.11,-0.0899999999999998,-1.11,1980537.02,1597579.863,,,,,,,20240606.0,20240606
2024-06-07,000002.SZ,8.02,8.27,8.0,8.17,8.02,0.1500000000000003,1.87,2326427.87,1896726.563,,,,,,,20240607.0,20240607
2024-06-11,000002.SZ,8.08,8.24,7.91,8.01,8.17,-0.1600000000000001,-1.96,1938257.89,1562638.469,,,,,,,20240611.0,20240611
2024-06-12,000002.SZ,7.96,8.05,7.85,7.89,8.01,-0.1200000000000001,-1.5,1900565.14,1505150.837,,,,,,,20240612.0,20240612
2024-06-13,000002.SZ,7.95,7.97,7.68,7.71,7.89,-0.1799999999999997,-2.28,2272705.34,1761957.337,,,,,,,20240613.0,20240613
2024-06-14,000002.SZ,7.67,8.12,7.65,7.94,7.71,0.2300000000000004,2.98,2762137.27,2181804.087,,,,,,,20240614.0,20240614
2024-06-17,000002.SZ,7.82,7.89,7.62,7.65,7.94,-0.29,-3.65,2144248.7,1653410.8,,,,,,,20240617.0,20240617
2024-06-18,000002.SZ,7.65,7.72,7.5,7.53,7.65,-0.1200000000000001,-1.57,1769635.85,1343100.883,,,,,,,20240618.0,20240618
2024-06-19,000002.SZ,7.53,7.58,7.43,7.47,7.53,-0.0600000000000005,-0.8,1460033.39,1093589.201,,,,,,,20240619.0,20240619
2024-06-20,000002.SZ,7.46,7.46,7.2,7.21,7.47,-0.2599999999999998,-3.48,1820993.94,1326647.11,,,,,,,20240620.0,20240620
2024-06-21,000002.SZ,7.23,7.34,7.16,7.19,7.21,-0.0199999999999995,-0.28,1460896.29,1056481.862,,,,,,,20240621.0,20240621
2024-06-24,000002.SZ,7.13,7.14,6.96,6.99,7.19,-0.2000000000000001,-2.78,1534809.47,1077498.401,,,,,,,20240624.0,20240624
2024-06-25,000002.SZ,6.99,7.27,6.96,7.11,6.99,0.1200000000000001,1.72,2005848.3,1427598.178,,,,,,,20240625.0,20240625
2024-06-26,000002.SZ,7.05,7.21,7.0,7.19,7.11,0.08,1.13,1341792.1,953998.578,,,,,,,20240626.0,20240626
2024-06-27,000002.SZ,7.19,7.3,7.0,7.0,7.19,-0.1900000000000004,-2.64,1511663.07,1074603.089,,,,,,,20240627.0,20240627
2024-06-28,000002.SZ,6.95,7.13,6.91,6.93,7.0,-0.0700000000000002,-1.0,1585789.16,1110428.252,,,,,,,20240628.0,20240628
2024-07-01,000002.SZ,6.9,7.33,6.9,7.29,6.93,0.3600000000000003,5.19,2655329.29,1911600.363,,,,,,,20240701.0,20240701
2024-07-02,000002.SZ,7.24,7.35,7.1,7.13,7.29,-0.1600000000000001,-2.19,1830024.73,1323852.213,,,,,,,20240702.0,20240702
2024-07-03,000002.SZ,7.13,7.27,7.03,7.16,7.13,0.0300000000000002,0.42,1623861.91,1166481.741,,,,,,,20240703.0,20240703
2024-07-04,000002.SZ,7.12,7.14,6.94,6.94,7.16,-0.2199999999999997,-3.07,1469395.2,1029323.642,,,,,,,20240704.0,20240704
2024-07-05,000002.SZ,6.94,7.01,6.83,6.88,6.94,-0.0600000000000005,-0.86,1170783.28,807585.336,,,,,,,20240705.0,20240705
2024-07-08,000002.SZ,6.84,6.84,6.62,6.67,6.88,-0.2099999999999999,-3.05,1535081.21,1027482.494,,,,,,,20240708.0,20240708
2024-07-09,000002.SZ,6.66,6.77,6.56,6.71,6.67,0.04,0.6,1385601.0,925420.799,,,,,,,20240709.0,20240709
2024-07-10,000002.SZ,6.45,6.73,6.32,6.65,6.71,-0.0599999999999996,-0.89,1825179.77,1200577.857,,,,,,,20240710.0,20240710
2024-07-11,000002.SZ,6.73,6.87,6.64,6.81,6.65,0.1599999999999992,2.41,1497954.08,1014005.532,,,,,,,20240711.0,20240711
2024-07-12,000002.SZ,6.88,7.15,6.85,6.95,6.81,0.1400000000000005,2.06,2275360.16,1593418.741,,,,,,,20240712.0,20240712
2024-07-15,000002.SZ,6.85,6.93,6.77,6.83,6.95,-0.1200000000000001,-1.73,1167585.16,798121.623,,,,,,,20240715.0,20240715
2024-07-16,000002.SZ,6.85,7.02,6.78,6.92,6.83,0.0899999999999998,1.32,1352605.37,937244.354,,,,,,,20240716.0,20240716
2024-07-17,000002.SZ,6.92,7.25,6.9,7.12,6.92,0.2000000000000001,2.89,2200784.78,1572785.965,,,,,,,20240717.0,20240717
2024-07-18,000002.SZ,7.12,7.14,6.98,7.14,7.12,0.0199999999999995,0.28,1239653.38,875822.316,,,,,,,20240718.0,20240718
2024-07-19,000002.SZ,7.08,7.1,6.91,7.06,7.14,-0.08,-1.12,1468847.85,1029465.559,,,,,,,20240719.0,20240719
2024-07-22,000002.SZ,7.09,7.12,6.92,6.98,7.06,-0.0799999999999991,-1.13,1031927.08,720638.147,,,,,,,20240722.0,20240722
2024-07-23,000002.SZ,6.98,7.07,6.84,6.85,6.98,-0.1300000000000007,-1.86,974232.52,679283.852,,,,,,,20240723.0,20240723
2024-07-24,000002.SZ,6.84,6.92,6.64,6.65,6.85,-0.1999999999999993,-2.92,1153493.68,776955.424,,,,,,,20240724.0,20240724
2024-07-25,000002.SZ,6.64,6.79,6.59,6.7,6.65,0.0499999999999998,0.75,817450.47,549269.04,,,,,,,20240725.0,20240725
2024-07-26,000002.SZ,6.72,6.95,6.72,6.84,6.7,0.1399999999999996,2.09,928798.85,635233.94,,,,,,,20240726.0,20240726
2024-07-29,000002.SZ,6.85,6.87,6.66,6.69,6.84,-0.1499999999999994,-2.19,968258.7,648850.195,,,,,,,20240729.0,20240729
2024-07-30,000002.SZ,6.67,6.8,6.65,6.75,6.69,0.0599999999999996,0.9,1074763.61,722985.197,,,,,,,20240730.0,20240730
2024-07-31,000002.SZ,6.73,7.09,6.67,7.09,6.75,0.3399999999999998,5.04,2048901.65,1421710.737,,,,,,,20240731.0,20240731
2024-08-01,000002.SZ,7.07,7.15,6.89,6.9,7.09,-0.1899999999999995,-2.68,1509049.8,1050604.222,,,,,,,20240801.0,20240801
2024-08-02,000002.SZ,6.83,6.94,6.8,6.81,6.9,-0.0900000000000007,-1.3,1074233.81,736827.197,,,,,,,20240802.0,20240802
2024-08-05,000002.SZ,6.78,7.02,6.76,6.78,6.81,-0.0299999999999993,-0.44,1576609.6,1085647.128,,,,,,,20240805.0,20240805
2024-08-06,000002.SZ,6.85,6.92,6.77,6.88,6.78,0.0999999999999996,1.47,1263768.63,864549.136,,,,,,,20240806.0,20240806
2024-08-07,000002.SZ,6.84,6.85,6.72,6.79,6.88,-0.0899999999999998,-1.31,935649.35,634803.152,,,,,,,20240807.0,20240807
2024-08-08,000002.SZ,6.84,7.1,6.73,6.92,6.79,0.1299999999999999,1.91,2032811.13,1406885.38,,,,,,,20240808.0,20240808
2024-08-09,000002.SZ,6.92,7.38,6.89,7.18,6.92,0.2599999999999998,3.76,3595754.46,2592540.562,,,,,,,20240809.0,20240809
2024-08-12,000002.SZ,7.15,7.21,6.86,6.88,7.18,-0.2999999999999998,-4.18,1928459.34,1344080.18,,,,,,,20240812.0,20240812
2024-08-13,000002.SZ,6.85,6.88,6.76,6.83,6.88,-0.0499999999999998,-0.73,1060585.66,721869.284,,,,,,,20240813.0,20240813
2024-08-14,000002.SZ,6.83,6.86,6.77,6.78,6.83,-0.0499999999999998,-0.73,609927.91,414625.428,,,,,,,20240814.0,20240814
2024-08-15,000002.SZ,6.77,6.93,6.72,6.91,6.78,0.1299999999999999,1.92,1275473.87,875422.619,,,,,,,20240815.0,20240815
2024-08-16,000002.SZ,6.87,6.92,6.79,6.8,6.91,-0.1100000000000003,-1.59,915965.97,624875.965,,,,,,,20240816.0,20240816
2024-08-19,000002.SZ,6.77,6.88,6.74,6.8,6.8,0.0,0.0,749189.01,510584.461,,,,,,,20240819.0,20240819
2024-08-20,000002.SZ,6.79,6.81,6.66,6.67,6.8,-0.1299999999999999,-1.91,861588.82,578194.586,,,,,,,20240820.0,20240820
2024-08-21,000002.SZ,6.66,6.68,6.53,6.55,6.67,-0.1200000000000001,-1.8,1038372.14,684136.992,,,,,,,20240821.0,20240821
2024-08-22,000002.SZ,6.58,6.64,6.46,6.47,6.55,-0.08,-1.22,955245.78,624992.998,,,,,,,20240822.0,20240822
2024-08-23,000002.SZ,6.45,6.48,6.39,6.41,6.47,-0.0599999999999996,-0.93,729986.87,469305.149,,,,,,,20240823.0,20240823
2024-08-26,000002.SZ,6.41,6.58,6.37,6.53,6.41,0.1200000000000001,1.87,804980.41,523569.278,,,,,,,20240826.0,20240826
2024-08-27,000002.SZ,6.5,6.51,6.3,6.31,6.53,-0.2200000000000006,-3.37,983047.31,625253.327,,,,,,,20240827.0,20240827
2024-08-28,000002.SZ,6.29,6.31,6.19,6.22,6.31,-0.0899999999999998,-1.43,684310.51,426230.452,,,,,,,20240828.0,20240828
2024-08-29,000002.SZ,6.2,6.28,6.18,6.24,6.22,0.0200000000000004,0.32,579194.6,361582.7,,,,,,,20240829.0,20240829
2024-08-30,000002.SZ,6.24,6.86,6.22,6.76,6.24,0.5199999999999996,8.33,3497342.37,2335350.818,,,,,,,20240830.0,20240830
2024-09-02,000002.SZ,6.51,6.63,6.42,6.42,6.76,-0.3399999999999998,-5.03,2126408.77,1385023.079,,,,,,,20240902.0,20240902
2024-09-03,000002.SZ,6.41,6.64,6.32,6.52,6.42,0.0999999999999996,1.56,1581631.1,1028344.274,,,,,,,20240903.0,20240903
2024-09-04,000002.SZ,6.48,6.76,6.43,6.46,6.52,-0.0599999999999996,-0.92,1644098.37,1079490.082,,,,,,,20240904.0,20240904
2024-09-05,000002.SZ,6.56,6.66,6.49,6.59,6.46,0.1299999999999999,2.01,1353930.28,890031.081,,,,,,,20240905.0,20240905
2024-09-06,000002.SZ,6.52,6.57,6.45,6.47,6.59,-0.1200000000000001,-1.82,870393.61,565444.151,,,,,,,20240906.0,20240906
2024-09-09,000002.SZ,6.41,6.45,6.31,6.37,6.47,-0.0999999999999996,-1.55,706503.34,449986.331,,,,,,,20240909.0,20240909
2024-09-10,000002.SZ,6.37,6.41,6.2,6.3,6.37,-0.0700000000000002,-1.1,895240.73,561717.015,,,,,,,20240910.0,20240910
2024-09-11,000002.SZ,6.25,6.38,6.24,6.31,6.3,0.0099999999999997,0.16,604081.77,381296.491,,,,,,,20240911.0,20240911
2024-09-12,000002.SZ,6.29,6.41,6.29,6.31,6.31,0.0,0.0,661411.59,419230.414,,,,,,,20240912.0,20240912
2024-09-13,000002.SZ,6.31,6.4,6.3,6.32,6.31,0.0100000000000006,0.16,822998.14,522226.719,,,,,,,20240913.0,20240913
2024-09-18,000002.SZ,6.34,6.55,6.28,6.49,6.32,0.1699999999999999,2.69,1469490.84,942138.579,,,,,,,20240918.0,20240918
2024-09-19,000002.SZ,6.54,6.92,6.49,6.77,6.49,0.2799999999999993,4.31,2840303.42,1912725.713,,,,,,,20240919.0,20240919
2024-09-20,000002.SZ,6.64,6.92,6.6,6.89,6.77,0.1200000000000001,1.77,2160538.87,1465358.136,,,,,,,20240920.0,20240920
2024-09-23,000002.SZ,6.78,7.0,6.77,6.93,6.89,0.04,0.58,1529807.4,1058509.856,,,,,,,20240923.0,20240923
2024-09-24,000002.SZ,7.07,7.17,6.81,7.12,6.93,0.1900000000000004,2.74,3244214.75,2276125.012,,,,,,,20240924.0,20240924
2024-09-25,000002.SZ,7.14,7.68,7.11,7.31,7.12,0.1899999999999995,2.67,3935250.3,2940342.553,,,,,,,20240925.0,20240925
2024-09-26,000002.SZ,7.22,8.04,7.22,8.04,7.31,0.7299999999999995,9.99,5278410.28,4081867.508,,,,,,,20240926.0,20240926
2024-09-27,000002.SZ,8.52,8.84,8.5,8.84,8.04,0.8000000000000007,9.95,7002193.85,6084950.923,,,,,,,20240927.0,20240927
2024-09-30,000002.SZ,9.72,9.72,9.27,9.72,8.84,0.8800000000000008,9.95,5797265.7,5592761.873,,,,,,,20240930.0,20240930
2024-10-08,000002.SZ,10.69,10.69,9.34,10.38,9.72,0.6600000000000001,6.79,10972342.97,11307302.857,,,,,,,20241008.0,20241008
2024-10-09,000002.SZ,9.79,9.79,9.34,9.34,10.38,-1.040000000000001,-10.02,5420340.79,5112813.708,,,,,,,20241009.0,20241009
2024-10-10,000002.SZ,8.9,9.5,8.72,9.12,9.34,-0.2200000000000006,-2.36,4468210.56,4055413.279,,,,,,,20241010.0,20241010
2024-10-11,000002.SZ,8.97,9.36,8.78,9.1,9.12,-0.0199999999999995,-0.22,3034144.21,2759334.426,,,,,,,20241011.0,20241011
2024-10-14,000002.SZ,9.41,9.53,9.16,9.34,9.1,0.2400000000000002,2.64,3672030.19,3434073.254,,,,,,,20241014.0,20241014
2024-10-15,000002.SZ,9.06,9.47,9.06,9.2,9.34,-0.1400000000000005,-1.5,2621898.28,2433220.688,,,,,,,20241015.0,20241015
2024-10-16,000002.SZ,9.41,10.0,9.32,10.0,9.2,0.8000000000000007,8.7,5645127.5,5495337.158,,,,,,,20241016.0,20241016
2024-10-17,000002.SZ,10.0,10.01,9.18,9.21,10.0,-0.7899999999999991,-7.9,4814794.43,4570902.697,,,,,,,20241017.0,20241017
2024-10-18,000002.SZ,9.05,9.55,8.78,9.37,9.21,0.1599999999999983,1.74,4111337.67,3735567.462,,,,,,,20241018.0,20241018
2024-10-21,000002.SZ,9.25,9.39,9.01,9.19,9.37,-0.1799999999999997,-1.92,2763986.08,2545302.592,,,,,,,20241021.0,20241021
2024-10-22,000002.SZ,9.11,9.34,9.08,9.24,9.19,0.0500000000000007,0.54,1954064.98,1797102.14,,,,,,,20241022.0,20241022
2024-10-23,000002.SZ,9.22,9.54,9.16,9.33,9.24,0.0899999999999998,0.97,2596747.49,2428580.9,,,,,,,20241023.0,20241023
2024-10-24,000002.SZ,9.2,9.3,9.06,9.12,9.33,-0.2100000000000008,-2.25,1700970.68,1558626.472,,,,,,,20241024.0,20241024
2024-10-25,000002.SZ,9.12,9.29,9.12,9.14,9.12,0.0200000000000013,0.22,1802422.4,1657565.224,,,,,,,20241025.0,20241025
2024-10-28,000002.SZ,9.13,9.39,9.11,9.39,9.14,0.25,2.74,2842024.32,2647135.793,,,,,,,20241028.0,20241028
2024-10-29,000002.SZ,9.31,9.63,9.1,9.13,9.39,-0.2599999999999998,-2.77,2577834.29,2393102.877,,,,,,,20241029.0,20241029
2024-10-30,000002.SZ,9.1,9.38,9.07,9.22,9.13,0.0899999999999998,0.99,2329880.53,2156736.188,,,,,,,20241030.0,20241030
2024-10-31,000002.SZ,9.11,9.66,9.01,9.28,9.22,0.0599999999999987,0.65,3502499.13,3278897.812,,,,,,,20241031.0,20241031
2024-11-01,000002.SZ,9.21,9.44,9.09,9.11,9.28,-0.1699999999999999,-1.83,2666553.59,2462406.072,,,,,,,20241101.0,20241101
2024-11-04,000002.SZ,9.15,9.18,8.88,9.07,9.11,-0.0399999999999991,-0.44,1937047.51,1735650.701,,,,,,,20241104.0,20241104
2024-11-05,000002.SZ,9.03,9.44,9.01,9.34,9.07,0.2699999999999996,2.98,2874997.77,2665165.613,,,,,,,20241105.0,20241105
2024-11-06,000002.SZ,9.29,9.7,9.11,9.5,9.34,0.1600000000000001,1.71,3951355.28,3714560.651,,,,,,,20241106.0,20241106
2024-11-07,000002.SZ,9.4,9.92,9.36,9.89,9.5,0.3900000000000005,4.11,5125317.05,4987142.034,,,,,,,20241107.0,20241107
2024-11-08,000002.SZ,10.0,10.05,9.48,9.51,9.89,-0.3800000000000008,-3.84,4120900.53,3969395.905,,,,,,,20241108.0,20241108
2024-11-11,000002.SZ,9.38,9.48,9.16,9.3,9.51,-0.209999999999999,-2.21,2735805.22,2538625.173,,,,,,,20241111.0,20241111
2024-11-12,000002.SZ,9.3,9.44,9.14,9.19,9.3,-0.1100000000000012,-1.18,2245361.78,2086145.682,,,,,,,20241112.0,20241112
2024-11-13,000002.SZ,9.12,9.22,8.97,9.07,9.19,-0.1199999999999992,-1.31,2074227.31,1880003.425,,,,,,,20241113.0,20241113
2024-11-14,000002.SZ,9.3,9.3,8.93,8.95,9.07,-0.120000000000001,-1.32,2188353.56,1984166.0,,,,,,,20241114.0,20241114
2024-11-15,000002.SZ,8.9,8.95,8.7,8.71,8.95,-0.2399999999999984,-2.68,1628734.43,1436246.4,,,,,,,20241115.0,20241115
2024-11-18,000002.SZ,8.79,9.03,8.76,8.84,8.71,0.129999999999999,1.49,1866129.31,1660055.511,,,,,,,20241118.0,20241118
2024-11-19,000002.SZ,8.84,8.85,8.53,8.75,8.84,-0.0899999999999998,-1.02,1626735.93,1409788.545,,,,,,,20241119.0,20241119
2024-11-20,000002.SZ,8.7,8.79,8.65,8.76,8.75,0.0099999999999997,0.11,955708.76,833758.104,,,,,,,20241120.0,20241120
2024-11-21,000002.SZ,8.73,8.79,8.62,8.68,8.76,-0.08,-0.91,1011826.59,878347.767,,,,,,,20241121.0,20241121
2024-11-22,000002.SZ,8.66,8.78,8.41,8.42,8.68,-0.2599999999999998,-3.0,1343868.99,1157677.835,,,,,,,20241122.0,20241122
2024-11-25,000002.SZ,8.43,8.49,8.25,8.38,8.42,-0.0399999999999991,-0.48,1138987.46,952072.383,,,,,,,20241125.0,20241125
2024-11-26,000002.SZ,8.34,8.48,8.32,8.36,8.38,-0.0200000000000013,-0.24,953479.51,799880.775,,,,,,,20241126.0,20241126
2024-11-27,000002.SZ,8.34,8.45,8.22,8.45,8.36,0.0899999999999998,1.08,1042549.08,869424.921,,,,,,,20241127.0,20241127
2024-11-28,000002.SZ,8.43,8.55,8.41,8.48,8.45,0.0300000000000011,0.36,1100504.62,933227.374,,,,,,,20241128.0,20241128
2024-11-29,000002.SZ,8.43,8.73,8.42,8.6,8.48,0.1199999999999992,1.42,1490957.76,1283655.171,,,,,,,20241129.0,20241129
2024-12-02,000002.SZ,8.53,8.73,8.52,8.68,8.6,0.08,0.93,1087413.56,940174.756,,,,,,,20241202.0,20241202
2024-12-03,000002.SZ,8.65,8.78,8.6,8.74,8.68,0.0600000000000005,0.69,1172815.18,1017983.798,,,,,,,20241203.0,20241203
2024-12-04,000002.SZ,8.7,8.7,8.53,8.55,8.74,-0.1899999999999995,-2.17,1101736.44,948250.124,,,,,,,20241204.0,20241204
2024-12-05,000002.SZ,8.5,8.54,8.45,8.52,8.55,-0.0300000000000011,-0.35,733435.06,622926.933,,,,,,,20241205.0,20241205
2024-12-06,000002.SZ,8.51,8.72,8.48,8.68,8.52,0.1600000000000001,1.88,1301035.82,1123618.092,,,,,,,20241206.0,20241206
2024-12-09,000002.SZ,8.65,8.7,8.38,8.42,8.68,-0.2599999999999998,-3.0,1641659.01,1393753.783,,,,,,,20241209.0,20241209
2024-12-10,000002.SZ,8.99,8.99,8.58,8.58,8.42,0.1600000000000001,1.9,2802653.83,2463193.574,,,,,,,20241210.0,20241210
2024-12-11,000002.SZ,8.51,8.76,8.5,8.65,8.58,0.0700000000000002,0.82,1410341.55,1219106.088,,,,,,,20241211.0,20241211
2024-12-12,000002.SZ,8.63,8.72,8.55,8.69,8.65,0.0399999999999991,0.46,1289042.11,1114370.152,,,,,,,20241212.0,20241212
2024-12-13,000002.SZ,8.59,8.61,8.4,8.41,8.69,-0.2799999999999993,-3.22,1920781.87,1624180.476,,,,,,,20241213.0,20241213
2024-12-16,000002.SZ,8.42,8.45,8.2,8.23,8.41,-0.1799999999999997,-2.14,1198130.01,994007.98,,,,,,,20241216.0,20241216
2024-12-17,000002.SZ,8.24,8.26,8.13,8.14,8.23,-0.0899999999999998,-1.09,873037.17,714490.812,,,,,,,20241217.0,20241217
2024-12-18,000002.SZ,8.17,8.21,8.13,8.14,8.14,0.0,0.0,695355.05,567471.94,,,,,,,20241218.0,20241218
2024-12-19,000002.SZ,8.0,8.01,7.82,7.91,8.14,-0.2300000000000004,-2.83,1838122.53,1451541.257,,,,,,,20241219.0,20241219
2024-12-20,000002.SZ,7.88,7.93,7.8,7.82,7.91,-0.0899999999999998,-1.14,1164400.3,912493.458,,,,,,,20241220.0,20241220
2024-12-23,000002.SZ,7.79,7.8,7.65,7.66,7.82,-0.1600000000000001,-2.05,1169013.3,901069.88,,,,,,,20241223.0,20241223
2024-12-24,000002.SZ,7.68,7.73,7.63,7.73,7.66,0.0700000000000002,0.91,880607.78,677822.579,,,,,,,20241224.0,20241224
2024-12-25,000002.SZ,7.71,7.73,7.47,7.54,7.73,-0.1900000000000004,-2.46,1517662.88,1146549.84,,,,,,,20241225.0,20241225
2024-12-26,000002.SZ,7.5,7.56,7.48,7.51,7.54,-0.0300000000000002,-0.4,710188.03,534064.464,,,,,,,20241226.0,20241226
2024-12-27,000002.SZ,7.51,7.63,7.49,7.55,7.51,0.04,0.53,1004323.77,760189.357,,,,,,,20241227.0,20241227
2024-12-30,000002.SZ,7.5,7.51,7.33,7.36,7.55,-0.1899999999999995,-2.52,1338890.91,990277.591,,,,,,,20241230.0,20241230
2024-12-31,000002.SZ,7.38,7.44,7.25,7.26,7.36,-0.1000000000000005,-1.36,1007535.51,739446.798,,,,,,,20241231.0,20241231
2025-01-02,000002.SZ,7.25,7.36,7.07,7.11,7.26,-0.1499999999999994,-2.07,1182666.05,854487.563,,,,,,,20250102.0,20250102
2025-01-03,000002.SZ,7.17,7.18,6.96,7.0,7.11,-0.1100000000000003,-1.55,1124915.16,795154.845,,,,,,,20250103.0,20250103
2025-01-06,000002.SZ,6.99,7.01,6.89,6.98,7.0,-0.0199999999999995,-0.29,850856.61,591154.773,,,,,,,20250106.0,20250106
2025-01-07,000002.SZ,6.96,7.05,6.92,7.05,6.98,0.0699999999999994,1.0,720471.05,504087.513,,,,,,,20250107.0,20250107
2025-01-08,000002.SZ,7.02,7.03,6.83,6.96,7.05,-0.0899999999999998,-1.28,912683.96,632775.676,,,,,,,20250108.0,20250108
2025-01-09,000002.SZ,6.93,7.01,6.91,6.95,6.96,-0.0099999999999997,-0.14,674686.02,469936.432,,,,,,,20250109.0,20250109
2025-01-10,000002.SZ,6.96,7.03,6.69,6.69,6.95,-0.2599999999999998,-3.74,1338797.76,909001.068,,,,,,,20250110.0,20250110
2025-01-13,000002.SZ,6.6,6.77,6.55,6.76,6.69,0.0699999999999994,1.05,911146.92,611005.036,,,,,,,20250113.0,20250113
2025-01-14,000002.SZ,6.76,6.93,6.75,6.91,6.76,0.1500000000000003,2.22,1116454.28,765177.082,,,,,,,20250114.0,20250114
2025-01-15,000002.SZ,6.88,6.96,6.79,6.86,6.91,-0.0499999999999998,-0.72,887294.29,608363.557,,,,,,,20250115.0,20250115
2025-01-16,000002.SZ,6.9,7.07,6.84,6.88,6.86,0.0199999999999995,0.29,1110545.28,771648.218,,,,,,,20250116.0,20250116
2025-01-17,000002.SZ,6.58,6.65,6.45,6.63,6.88,-0.25,-3.63,3620282.75,2369977.993,,,,,,,20250117.0,20250117
2025-01-20,000002.SZ,6.6,6.94,6.48,6.85,6.63,0.2199999999999997,3.32,2988167.47,2009728.944,,,,,,,20250120.0,20250120
2025-01-21,000002.SZ,6.84,7.54,6.82,7.36,6.85,0.5100000000000007,7.45,5849397.09,4290640.172,,,,,,,20250121.0,20250121
2025-01-22,000002.SZ,7.27,7.36,6.98,7.02,7.36,-0.3400000000000007,-4.62,3448727.8,2457396.391,,,,,,,20250122.0,20250122
2025-01-23,000002.SZ,7.15,7.7,7.08,7.36,7.02,0.3400000000000007,4.84,4416581.31,3245710.622,,,,,,,20250123.0,20250123
2025-01-24,000002.SZ,7.33,7.54,7.21,7.39,7.36,0.0299999999999993,0.41,2555024.24,1885566.128,,,,,,,20250124.0,20250124
2025-01-27,000002.SZ,7.38,7.56,7.22,7.27,7.39,-0.1200000000000001,-1.62,2151753.29,1580357.769,,,,,,,20250127.0,20250127
2025-02-05,000002.SZ,7.05,7.18,6.88,6.97,7.27,-0.2999999999999998,-4.13,2765846.82,1931084.569,,,,,,,20250205.0,20250205
2025-02-06,000002.SZ,6.97,7.16,6.92,7.02,6.97,0.0499999999999998,0.72,1868805.47,1316869.589,,,,,,,20250206.0,20250206
2025-02-07,000002.SZ,7.05,7.65,7.01,7.42,7.02,0.4000000000000003,5.7,3269215.82,2417401.435,,,,,,,20250207.0,20250207
2025-02-10,000002.SZ,7.39,7.45,7.27,7.42,7.42,0.0,0.0,1862257.73,1370839.101,,,,,,,20250210.0,20250210
2025-02-11,000002.SZ,7.46,7.54,7.22,7.24,7.42,-0.1799999999999997,-2.43,1736090.54,1268761.11,,,,,,,20250211.0,20250211
2025-02-12,000002.SZ,7.25,7.96,7.13,7.96,7.24,0.7199999999999998,9.94,3797389.87,2862874.54,,,,,,,20250212.0,20250212
2025-02-13,000002.SZ,7.79,8.22,7.7,7.97,7.96,0.0099999999999997,0.13,5741530.31,4569427.868,,,,,,,20250213.0,20250213
2025-02-14,000002.SZ,7.93,8.05,7.71,7.81,7.97,-0.1600000000000001,-2.01,2629994.42,2055201.912,,,,,,,20250214.0,20250214
2025-02-17,000002.SZ,7.75,7.87,7.62,7.68,7.81,-0.1299999999999999,-1.66,2245270.83,1732605.874,,,,,,,20250217.0,20250217
2025-02-18,000002.SZ,7.64,7.76,7.47,7.52,7.68,-0.1600000000000001,-2.08,2009495.45,1528472.572,,,,,,,20250218.0,20250218
2025-02-19,000002.SZ,7.5,7.72,7.48,7.65,7.52,0.1300000000000007,1.73,1809174.57,1375280.251,,,,,,,20250219.0,20250219
2025-02-20,000002.SZ,7.59,7.6,7.49,7.52,7.65,-0.1300000000000007,-1.7,1370246.87,1032220.443,,,,,,,20250220.0,20250220
2025-02-21,000002.SZ,7.53,7.73,7.49,7.62,7.52,0.1000000000000005,1.33,1935128.82,1474661.906,,,,,,,20250221.0,20250221
2025-02-24,000002.SZ,7.66,8.07,7.66,7.82,7.62,0.2000000000000001,2.62,3175918.06,2493456.398,,,,,,,20250224.0,20250224
2025-02-25,000002.SZ,7.75,7.86,7.67,7.68,7.82,-0.1400000000000005,-1.79,1771479.75,1369423.942,,,,,,,20250225.0,20250225
2025-02-26,000002.SZ,7.71,7.86,7.7,7.84,7.68,0.1600000000000001,2.08,1941435.67,1510578.616,,,,,,,20250226.0,20250226
2025-02-27,000002.SZ,7.78,7.89,7.74,7.81,7.84,-0.0300000000000002,-0.38,1715773.42,1339145.182,,,,,,,20250227.0,20250227
2025-02-28,000002.SZ,7.77,8.03,7.67,7.75,7.81,-0.0599999999999996,-0.77,2726790.23,2127729.15,,,,,,,20250228.0,20250228
2025-03-03,000002.SZ,7.75,7.96,7.75,7.79,7.75,0.04,0.52,1893661.81,1482908.61,,,,,,,20250303.0,20250303
2025-03-04,000002.SZ,7.72,7.73,7.53,7.64,7.79,-0.1500000000000003,-1.93,1458434.21,1110094.218,,,,,,,20250304.0,20250304
2025-03-05,000002.SZ,7.6,7.69,7.42,7.53,7.64,-0.1099999999999994,-1.44,1364691.06,1027113.711,,,,,,,20250305.0,20250305
2025-03-06,000002.SZ,7.58,7.82,7.56,7.77,7.53,0.2399999999999993,3.19,2117133.02,1624520.449,,,,,,,20250306.0,20250306
2025-03-07,000002.SZ,7.65,7.66,7.52,7.53,7.77,-0.2399999999999993,-3.09,1593728.04,1205270.123,,,,,,,20250307.0,20250307
2025-03-10,000002.SZ,7.54,7.57,7.44,7.48,7.53,-0.0499999999999998,-0.66,977809.93,732008.884,,,,,,,20250310.0,20250310
2025-03-11,000002.SZ,7.4,7.45,7.35,7.43,7.48,-0.0500000000000007,-0.67,872393.37,645348.2,,,,,,,20250311.0,20250311
2025-03-12,000002.SZ,7.43,7.48,7.4,7.44,7.43,0.0100000000000006,0.13,661168.15,491951.065,,,,,,,20250312.0,20250312
2025-03-13,000002.SZ,7.41,7.44,7.33,7.35,7.44,-0.0900000000000007,-1.21,758376.5,559845.298,,,,,,,20250313.0,20250313
2025-03-14,000002.SZ,7.37,7.59,7.37,7.54,7.35,0.1900000000000004,2.59,1456521.92,1092327.785,,,,,,,20250314.0,20250314
2025-03-17,000002.SZ,7.6,7.73,7.54,7.56,7.54,0.0199999999999995,0.27,1290089.43,980824.633,,,,,,,20250317.0,20250317
2025-03-18,000002.SZ,7.57,7.59,7.49,7.53,7.56,-0.0299999999999993,-0.4,893408.09,672571.247,,,,,,,20250318.0,20250318
2025-03-19,000002.SZ,7.49,7.52,7.43,7.47,7.53,-0.0600000000000005,-0.8,708566.38,528939.027,,,,,,,20250319.0,20250319
2025-03-20,000002.SZ,7.45,7.49,7.41,7.43,7.47,-0.04,-0.54,612302.39,456199.376,,,,,,,20250320.0,20250320
2025-03-21,000002.SZ,7.4,7.42,7.27,7.36,7.43,-0.0699999999999994,-0.94,1306620.88,960505.549,,,,,,,20250321.0,20250321
2025-03-24,000002.SZ,7.35,7.35,7.15,7.18,7.36,-0.1800000000000006,-2.45,1050612.5,759032.562,,,,,,,20250324.0,20250324
2025-03-25,000002.SZ,7.17,7.23,7.14,7.19,7.18,0.0100000000000006,0.14,655037.31,470444.41,,,,,,,20250325.0,20250325
2025-03-26,000002.SZ,7.19,7.26,7.18,7.2,7.19,0.0099999999999997,0.14,709377.47,511845.528,,,,,,,20250326.0,20250326
2025-03-27,000002.SZ,7.19,7.22,7.11,7.17,7.2,-0.0300000000000002,-0.42,562048.15,402664.947,,,,,,,20250327.0,20250327
2025-03-28,000002.SZ,7.17,7.21,7.11,7.12,7.17,-0.0499999999999998,-0.7,491441.4,351056.751,,,,,,,20250328.0,20250328
2025-03-31,000002.SZ,7.11,7.11,6.98,7.05,7.12,-0.0700000000000002,-0.98,727780.83,512135.422,,,,,,,20250331.0,20250331
2025-04-01,000002.SZ,7.07,7.21,7.04,7.11,7.05,0.0600000000000005,0.85,709650.66,506589.289,,,,,,,20250401.0,20250401
2025-04-02,000002.SZ,7.09,7.1,7.02,7.04,7.11,-0.0700000000000002,-0.98,506853.28,357827.631,,,,,,,20250402.0,20250402
2025-04-03,000002.SZ,7.0,7.23,6.99,7.14,7.04,0.0999999999999996,1.42,914330.05,653013.896,,,,,,,20250403.0,20250403
2025-04-07,000002.SZ,6.86,6.93,6.46,6.6,7.14,-0.54,-7.56,1966334.8,1318713.482,,,,,,,20250407.0,20250407
2025-04-08,000002.SZ,6.6,6.84,6.6,6.8,6.6,0.2000000000000001,3.03,1425550.14,962248.248,,,,,,,20250408.0,20250408
2025-04-09,000002.SZ,6.7,7.17,6.62,7.06,6.8,0.2599999999999998,3.82,1853079.77,1284483.339,,,,,,,20250409.0,20250409
2025-04-10,000002.SZ,7.0,7.29,6.9,7.2,7.06,0.1400000000000005,1.98,2073285.61,1478337.233,,,,,,,20250410.0,20250410
2025-04-11,000002.SZ,7.13,7.2,7.0,7.08,7.2,-0.1200000000000001,-1.67,1372578.32,972260.986,,,,,,,20250411.0,20250411
2025-04-14,000002.SZ,7.06,7.12,7.03,7.05,7.08,-0.0300000000000002,-0.42,858333.44,606729.478,,,,,,,20250414.0,20250414
2025-04-15,000002.SZ,7.04,7.04,6.92,6.99,7.05,-0.0599999999999996,-0.85,760954.82,530444.356,,,,,,,20250415.0,20250415
2025-04-16,000002.SZ,6.98,7.09,6.95,7.04,6.99,0.0499999999999998,0.72,829087.5,581043.513,,,,,,,20250416.0,20250416
2025-04-17,000002.SZ,7.02,7.34,7.0,7.2,7.04,0.1600000000000001,2.27,2450033.54,1771549.815,,,,,,,20250417.0,20250417
2025-04-18,000002.SZ,7.19,7.36,7.1,7.31,7.2,0.1099999999999994,1.53,1632146.62,1186602.048,,,,,,,20250418.0,20250418
2025-04-21,000002.SZ,7.2,7.23,7.14,7.18,7.31,-0.1299999999999999,-1.78,1303505.91,935068.537,,,,,,,20250421.0,20250421
2025-04-22,000002.SZ,7.16,7.22,7.13,7.18,7.18,0.0,0.0,838689.46,601805.775,,,,,,,20250422.0,20250422
2025-04-23,000002.SZ,7.18,7.23,7.05,7.07,7.18,-0.1099999999999994,-1.53,1086564.53,772617.003,,,,,,,20250423.0,20250423
2025-04-24,000002.SZ,7.07,7.15,7.01,7.08,7.07,0.0099999999999997,0.14,830273.57,587786.791,,,,,,,20250424.0,20250424
2025-04-25,000002.SZ,7.09,7.27,7.05,7.05,7.08,-0.0300000000000002,-0.42,1832110.45,1310711.145,,,,,,,20250425.0,20250425
2025-04-28,000002.SZ,6.97,6.99,6.81,6.83,7.05,-0.2199999999999997,-3.12,1357216.01,930464.636,,,,,,,20250428.0,20250428
2025-04-29,000002.SZ,6.83,6.86,6.8,6.81,6.83,-0.0200000000000004,-0.29,652918.99,445664.688,,,,,,,20250429.0,20250429
2025-04-30,000002.SZ,6.7,6.82,6.63,6.81,6.81,0.0,0.0,924542.24,625457.245,,,,,,,20250430.0,20250430
2025-05-06,000002.SZ,6.79,6.84,6.78,6.83,6.81,0.0200000000000004,0.29,721363.73,491928.533,,,,,,,20250506.0,20250506
2025-05-07,000002.SZ,7.03,7.06,6.88,6.9,6.83,0.0700000000000002,1.02,1354623.92,942344.427,,,,,,,20250507.0,20250507
2025-05-08,000002.SZ,6.87,6.91,6.84,6.88,6.9,-0.0200000000000004,-0.29,706345.12,485889.089,,,,,,,20250508.0,20250508
2025-05-09,000002.SZ,6.88,6.89,6.78,6.78,6.88,-0.0999999999999996,-1.45,733417.84,499181.206,,,,,,,20250509.0,20250509
2025-05-12,000002.SZ,6.81,6.85,6.78,6.85,6.78,0.0699999999999994,1.03,627242.47,427338.063,,,,,,,20250512.0,20250512
2025-05-13,000002.SZ,6.87,6.91,6.84,6.86,6.85,0.0100000000000006,0.15,582981.62,400452.898,,,,,,,20250513.0,20250513
2025-05-14,000002.SZ,6.86,6.94,6.81,6.89,6.86,0.0299999999999993,0.44,740035.92,508125.289,,,,,,,20250514.0,20250514
2025-05-15,000002.SZ,6.89,6.92,6.79,6.79,6.89,-0.0999999999999996,-1.45,753918.97,515413.396,,,,,,,20250515.0,20250515
2025-05-16,000002.SZ,6.8,6.82,6.73,6.77,6.79,-0.0200000000000004,-0.29,544749.11,368266.692,,,,,,,20250516.0,20250516
2025-05-19,000002.SZ,6.75,6.83,6.73,6.8,6.77,0.0300000000000002,0.44,561760.46,381437.233,,,,,,,20250519.0,20250519
2025-05-20,000002.SZ,6.79,6.8,6.75,6.78,6.8,-0.0199999999999995,-0.29,526954.04,356850.166,,,,,,,20250520.0,20250520
2025-05-21,000002.SZ,6.78,6.79,6.75,6.76,6.78,-0.0200000000000004,-0.29,433624.23,293193.308,,,,,,,20250521.0,20250521
2025-05-22,000002.SZ,6.74,6.75,6.66,6.67,6.76,-0.0899999999999998,-1.33,614036.43,411525.377,,,,,,,20250522.0,20250522
2025-05-23,000002.SZ,6.67,6.7,6.63,6.63,6.67,-0.04,-0.6,442111.99,294776.048,,,,,,,20250523.0,20250523
2025-05-26,000002.SZ,6.63,6.65,6.6,6.63,6.63,0.0,0.0,378207.98,250526.525,,,,,,,20250526.0,20250526
2025-05-27,000002.SZ,6.63,6.71,6.62,6.67,6.63,0.04,0.6,466038.25,311200.977,,,,,,,20250527.0,20250527
2025-05-28,000002.SZ,6.73,6.76,6.67,6.68,6.67,0.0099999999999997,0.15,407588.13,273180.924,,,,,,,20250528.0,20250528
2025-05-29,000002.SZ,6.67,6.73,6.67,6.7,6.68,0.0200000000000004,0.3,463600.67,310716.34,,,,,,,20250529.0,20250529
2025-05-30,000002.SZ,6.68,6.7,6.64,6.64,6.7,-0.0600000000000005,-0.9,487420.45,324963.633,,,,,,,20250530.0,20250530
2025-06-03,000002.SZ,6.58,6.6,6.54,6.58,6.64,-0.0599999999999996,-0.9,646833.05,424995.229,,,,,,,20250603.0,20250603
2025-06-04,000002.SZ,6.59,6.64,6.57,6.62,6.58,0.04,0.61,506251.52,334336.923,,,,,,,20250604.0,20250604
2025-06-05,000002.SZ,6.61,6.66,6.59,6.64,6.62,0.0199999999999995,0.3,511212.93,338787.186,,,,,,,20250605.0,20250605
2025-06-06,000002.SZ,6.64,6.66,6.59,6.6,6.64,-0.04,-0.6,452610.67,299302.131,,,,,,,20250606.0,20250606
2025-06-09,000002.SZ,6.6,6.64,6.58,6.62,6.6,0.0200000000000004,0.3,443997.02,293716.18,,,,,,,20250609.0,20250609
2025-06-10,000002.SZ,6.63,6.73,6.56,6.6,6.62,-0.0200000000000004,-0.3,1041358.18,691420.608,,,,,,,20250610.0,20250610
2025-06-11,000002.SZ,6.57,6.61,6.54,6.57,6.6,-0.0299999999999993,-0.45,990420.83,651195.583,,,,,,,20250611.0,20250611
2025-06-12,000002.SZ,6.55,6.56,6.48,6.51,6.57,-0.0600000000000005,-0.91,1076520.62,700371.589,,,,,,,20250612.0,20250612
2025-06-13,000002.SZ,6.5,6.51,6.42,6.44,6.51,-0.0699999999999994,-1.08,876150.48,565615.424,,,,,,,20250613.0,20250613
2025-06-16,000002.SZ,6.46,6.63,6.45,6.57,6.44,0.1299999999999999,2.02,1302348.1,852638.649,,,,,,,20250616.0,20250616
2025-06-17,000002.SZ,6.57,6.58,6.51,6.53,6.57,-0.04,-0.61,582390.89,380340.184,,,,,,,20250617.0,20250617
2025-06-18,000002.SZ,6.51,6.53,6.42,6.44,6.53,-0.0899999999999998,-1.38,635396.3,409956.627,,,,,,,20250618.0,20250618
2025-06-19,000002.SZ,6.42,6.43,6.3,6.32,6.44,-0.1200000000000001,-1.86,854546.22,542431.839,,,,,,,20250619.0,20250619
2025-06-20,000002.SZ,6.33,6.34,6.28,6.29,6.32,-0.0300000000000002,-0.47,524484.9,330716.435,,,,,,,20250620.0,20250620
2025-06-23,000002.SZ,6.26,6.3,6.21,6.29,6.29,0.0,0.0,551511.87,344849.288,,,,,,,20250623.0,20250623
2025-06-24,000002.SZ,6.29,6.37,6.28,6.35,6.29,0.0599999999999996,0.95,620282.82,393091.824,,,,,,,20250624.0,20250624
2025-06-25,000002.SZ,6.34,6.43,6.32,6.43,6.35,0.08,1.26,820903.69,524029.286,,,,,,,20250625.0,20250625
2025-06-26,000002.SZ,6.42,6.44,6.38,6.39,6.43,-0.04,-0.62,660620.72,423203.563,,,,,,,20250626.0,20250626
2025-06-27,000002.SZ,6.39,6.48,6.38,6.39,6.39,0.0,0.0,786785.74,504925.348,,,,,,,20250627.0,20250627
2025-06-30,000002.SZ,6.4,6.45,6.39,6.42,6.39,0.0300000000000002,0.47,604073.48,387396.028,,,,,,,20250630.0,20250630
2025-07-01,000002.SZ,6.42,6.42,6.31,6.35,6.42,-0.0700000000000002,-1.09,598318.0,380416.981,,,,,,,20250701.0,20250701
2025-07-02,000002.SZ,6.36,6.52,6.34,6.5,6.35,0.1500000000000003,2.36,1310859.04,843883.002,,,,,,,20250702.0,20250702
2025-07-03,000002.SZ,6.48,6.55,6.44,6.46,6.5,-0.04,-0.62,810140.12,524884.085,,,,,,,20250703.0,20250703
2025-07-04,000002.SZ,6.48,6.52,6.41,6.44,6.46,-0.0199999999999995,-0.31,786688.47,507693.643,,,,,,,20250704.0,20250704
2025-07-07,000002.SZ,6.44,6.59,6.44,6.52,6.44,0.0799999999999991,1.24,1205381.48,788025.611,,,,,,,20250707.0,20250707
2025-07-08,000002.SZ,6.51,6.58,6.47,6.56,6.52,0.04,0.61,934783.26,610035.074,,,,,,,20250708.0,20250708
2025-07-09,000002.SZ,6.54,6.58,6.52,6.54,6.56,-0.0199999999999995,-0.3,735916.57,481726.01,,,,,,,20250709.0,20250709
2025-07-10,000002.SZ,6.52,6.87,6.51,6.76,6.54,0.2199999999999997,3.36,2517029.13,1686568.539,,,,,,,20250710.0,20250710
2025-07-11,000002.SZ,6.75,6.79,6.68,6.76,6.76,0.0,0.0,1628706.59,1099511.183,,,,,,,20250711.0,20250711
2025-07-14,000002.SZ,6.73,6.79,6.63,6.66,6.76,-0.0999999999999996,-1.48,1205525.25,804732.025,,,,,,,20250714.0,20250714
2025-07-15,000002.SZ,6.64,6.65,6.46,6.6,6.66,-0.0600000000000005,-0.9,1521320.47,995641.915,,,,,,,20250715.0,20250715
2025-07-16,000002.SZ,6.55,6.65,6.53,6.56,6.6,-0.04,-0.61,849081.16,558859.431,,,,,,,20250716.0,20250716
2025-07-17,000002.SZ,6.56,6.59,6.51,6.56,6.56,0.0,0.0,709663.7,464455.717,,,,,,,20250717.0,20250717
2025-07-18,000002.SZ,6.57,6.59,6.54,6.57,6.56,0.0100000000000006,0.15,574030.03,376631.218,,,,,,,20250718.0,20250718
2025-07-21,000002.SZ,6.56,6.61,6.55,6.6,6.57,0.0299999999999993,0.46,744110.98,490610.467,,,,,,,20250721.0,20250721
2025-07-22,000002.SZ,6.61,6.72,6.53,6.7,6.6,0.1000000000000005,1.52,1488010.4,987611.725,,,,,,,20250722.0,20250722
2025-07-23,000002.SZ,6.73,6.83,6.68,6.72,6.7,0.0199999999999995,0.3,1706754.31,1152841.043,,,,,,,20250723.0,20250723
2025-07-24,000002.SZ,6.7,6.84,6.67,6.81,6.72,0.0899999999999998,1.34,1842329.87,1250384.461,,,,,,,20250724.0,20250724
2025-07-25,000002.SZ,6.81,6.84,6.76,6.78,6.81,-0.0299999999999993,-0.44,1235949.26,838988.937,,,,,,,20250725.0,20250725
2025-07-28,000002.SZ,6.78,6.84,6.68,6.79,6.78,0.0099999999999997,0.15,1194041.53,808397.624,,,,,,,20250728.0,20250728
2025-07-29,000002.SZ,6.76,6.81,6.7,6.81,6.79,0.0199999999999995,0.29,993478.99,672095.323,,,,,,,20250729.0,20250729
2025-07-30,000002.SZ,6.8,6.88,6.69,6.7,6.81,-0.1099999999999994,-1.62,1589277.96,1079201.559,,,,,,,20250730.0,20250730
2025-07-31,000002.SZ,6.67,6.68,6.42,6.44,6.7,-0.2599999999999998,-3.88,2299510.72,1496029.078,,,,,,,20250731.0,20250731
2025-08-01,000002.SZ,6.44,6.46,6.39,6.39,6.44,-0.0500000000000007,-0.78,923603.71,592783.868,,,,,,,20250801.0,20250801
2025-08-04,000002.SZ,6.37,6.41,6.35,6.41,6.39,0.0200000000000004,0.31,590303.69,376646.7,,,,,,,20250804.0,20250804
2025-08-05,000002.SZ,6.41,6.45,6.39,6.45,6.41,0.04,0.62,652634.13,419615.794,,,,,,,20250805.0,20250805
2025-08-06,000002.SZ,6.43,6.45,6.4,6.44,6.45,-0.0099999999999997,-0.16,568470.05,365204.938,,,,,,,20250806.0,20250806
2025-08-07,000002.SZ,6.43,6.48,6.4,6.47,6.44,0.0299999999999993,0.47,776038.31,500342.603,,,,,,,20250807.0,20250807
2025-08-08,000002.SZ,6.46,6.47,6.42,6.45,6.47,-0.0199999999999995,-0.31,514307.38,331191.661,,,,,,,20250808.0,20250808
2025-08-11,000002.SZ,6.48,6.52,6.47,6.48,6.45,0.0300000000000002,0.47,821788.78,533689.824,,,,,,,20250811.0,20250811
2025-08-12,000002.SZ,6.46,6.5,6.45,6.47,6.48,-0.0100000000000006,-0.15,734217.61,475510.584,,,,,,,20250812.0,20250812
2025-08-13,000002.SZ,6.48,6.5,6.43,6.46,6.47,-0.0099999999999997,-0.15,810742.21,524044.608,,,,,,,20250813.0,20250813
2025-08-14,000002.SZ,6.46,6.55,6.43,6.43,6.46,-0.0300000000000002,-0.46,1201423.07,779372.848,,,,,,,20250814.0,20250814
2025-08-15,000002.SZ,6.43,6.59,6.42,6.53,6.43,0.1000000000000005,1.56,1595368.35,1041380.521,,,,,,,20250815.0,20250815
2025-08-18,000002.SZ,6.53,6.56,6.48,6.5,6.53,-0.0300000000000002,-0.46,1381625.42,898811.495,,,,,,,20250818.0,20250818
2025-08-19,000002.SZ,6.54,6.61,6.51,6.53,6.5,0.0300000000000002,0.46,1624186.52,1066264.304,,,,,,,20250819.0,20250819
2025-08-20,000002.SZ,6.52,6.6,6.49,6.55,6.53,0.0199999999999995,0.31,1299582.3,847768.491,,,,,,,20250820.0,20250820
2025-08-21,000002.SZ,6.55,6.59,6.53,6.56,6.55,0.0099999999999997,0.15,1294784.3,850028.798,,,,,,,20250821.0,20250821
2025-08-22,000002.SZ,6.56,6.56,6.51,6.56,6.56,0.0,0.0,1307699.44,854125.575,,,,,,,20250822.0,20250822
2025-08-25,000002.SZ,6.66,7.22,6.65,7.16,6.56,0.6000000000000005,9.15,7923897.9,5619264.696,,,,,,,20250825.0,20250825
2025-08-26,000002.SZ,6.98,7.03,6.9,6.99,7.16,-0.1699999999999999,-2.37,4379464.06,3051239.669,,,,,,,20250826.0,20250826
2025-08-27,000002.SZ,6.95,7.01,6.74,6.74,6.99,-0.25,-3.58,2976152.2,2042648.128,,,,,,,20250827.0,20250827
2025-08-28,000002.SZ,6.75,6.81,6.62,6.77,6.74,0.0299999999999993,0.45,2119088.52,1425708.353,,,,,,,20250828.0,20250828
2025-08-29,000002.SZ,6.89,6.92,6.78,6.79,6.77,0.0200000000000004,0.3,1979392.54,1354532.777,,,,,,,20250829.0,20250829
2025-09-01,000002.SZ,6.76,6.86,6.7,6.81,6.79,0.0199999999999995,0.29,1406825.43,953846.377,,,,,,,20250901.0,20250901
2025-09-02,000002.SZ,6.8,6.89,6.68,6.72,6.81,-0.0899999999999998,-1.32,2060249.78,1394222.969,,,,,,,20250902.0,20250902
2025-09-03,000002.SZ,6.75,6.79,6.56,6.58,6.72,-0.1399999999999996,-2.08,1745942.62,1158963.334,,,,,,,20250903.0,20250903
2025-09-04,000002.SZ,6.59,6.6,6.48,6.53,6.58,-0.0499999999999998,-0.76,1537225.19,1005294.604,,,,,,,20250904.0,20250904
2025-09-05,000002.SZ,6.53,6.59,6.49,6.59,6.53,0.0599999999999996,0.92,1171091.43,766112.847,,,,,,,20250905.0,20250905
2025-09-08,000002.SZ,6.72,6.89,6.72,6.76,6.59,0.1699999999999999,2.58,2320377.15,1572093.121,,,,,,,20250908.0,20250908
2025-09-09,000002.SZ,6.79,6.91,6.74,6.86,6.76,0.1000000000000005,1.48,2179398.04,1494592.694,,,,,,,20250909.0,20250909
2025-09-10,000002.SZ,6.81,6.86,6.76,6.86,6.86,0.0,0.0,1397196.76,950570.519,,,,,,,20250910.0,20250910
2025-09-11,000002.SZ,6.82,6.84,6.73,6.83,6.86,-0.0300000000000002,-0.44,1462904.75,992115.321,,,,,,,20250911.0,20250911
2025-09-12,000002.SZ,6.83,7.14,6.83,6.94,6.83,0.1100000000000003,1.61,3220891.59,2235885.454,,,,,,,20250912.0,20250912
2025-09-15,000002.SZ,6.92,7.04,6.82,6.97,6.94,0.0299999999999993,0.43,2289230.25,1584580.818,,,,,,,20250915.0,20250915
2025-09-16,000002.SZ,6.95,7.05,6.89,7.04,6.97,0.0700000000000002,1.0,2226805.38,1553899.604,,,,,,,20250916.0,20250916
2025-09-17,000002.SZ,7.03,7.08,6.93,7.05,7.04,0.0099999999999997,0.14,1663639.87,1165912.724,,,,,,,20250917.0,20250917
2025-09-18,000002.SZ,6.98,6.99,6.72,6.77,7.05,-0.2800000000000002,-3.97,2552968.64,1748915.147,,,,,,,20250918.0,20250918
2025-09-19,000002.SZ,6.75,7.04,6.68,6.98,6.77,0.2100000000000008,3.1,2733151.85,1881123.059,,,,,,,20250919.0,20250919
2025-09-22,000002.SZ,6.9,7.1,6.83,7.0,6.98,0.0199999999999995,0.29,2259038.66,1573171.75,,,,,,,20250922.0,20250922
2025-09-23,000002.SZ,6.94,6.95,6.68,6.76,7.0,-0.2400000000000002,-3.43,1845203.37,1250871.499,,,,,,,20250923.0,20250923
2025-09-24,000002.SZ,6.71,6.94,6.69,6.84,6.76,0.08,1.18,1571675.16,1075298.493,,,,,,,20250924.0,20250924
2025-09-25,000002.SZ,6.83,6.9,6.76,6.8,6.84,-0.04,-0.58,1234019.75,840051.757,,,,,,,20250925.0,20250925
2025-09-26,000002.SZ,6.76,6.98,6.73,6.8,6.8,0.0,0.0,1509024.13,1034089.811,,,,,,,20250926.0,20250926
2025-09-29,000002.SZ,6.78,6.87,6.65,6.81,6.8,0.0099999999999997,0.15,1634571.95,1102204.585,,,,,,,20250929.0,20250929
2025-09-30,000002.SZ,6.8,6.93,6.76,6.89,6.81,0.08,1.17,1763048.82,1211551.715,,,,,,,20250930.0,20250930
2025-10-09,000002.SZ,6.8,6.81,6.6,6.79,6.89,-0.0999999999999996,-1.45,2523403.39,1690536.827,,,,,,,20251009.0,20251009
2025-10-10,000002.SZ,6.72,6.89,6.72,6.75,6.79,-0.04,-0.59,1548340.35,1050128.72,,,,,,,20251010.0,20251010
2025-10-13,000002.SZ,6.52,6.63,6.47,6.57,6.75,-0.1799999999999997,-2.67,2177742.92,1425261.306,,,,,,,20251013.0,20251013
2025-10-14,000002.SZ,6.57,6.69,6.52,6.53,6.57,-0.04,-0.61,1913064.11,1262009.198,,,,,,,20251014.0,20251014
2025-10-15,000002.SZ,6.52,6.57,6.42,6.49,6.53,-0.04,-0.61,1766066.12,1144865.927,,,,,,,20251015.0,20251015
2025-10-16,000002.SZ,6.47,6.48,6.38,6.4,6.49,-0.0899999999999998,-1.39,1434724.25,921148.581,,,,,,,20251016.0,20251016
2025-10-17,000002.SZ,6.39,6.43,6.31,6.32,6.4,-0.08,-1.25,1429013.29,909191.87,,,,,,,20251017.0,20251017
2025-10-20,000002.SZ,6.33,6.35,6.3,6.34,6.32,0.0199999999999995,0.32,868612.8,549071.835,,,,,,,20251020.0,20251020
2025-10-21,000002.SZ,6.33,6.41,6.31,6.4,6.34,0.0600000000000005,0.95,1019035.23,650370.893,,,,,,,20251021.0,20251021
2025-10-22,000002.SZ,6.36,6.44,6.35,6.38,6.4,-0.0200000000000004,-0.31,780302.49,498606.559,,,,,,,20251022.0,20251022
2025-10-23,000002.SZ,6.41,6.43,6.33,6.38,6.38,0.0,0.0,753668.63,479621.653,,,,,,,20251023.0,20251023
2025-10-24,000002.SZ,6.36,6.39,6.34,6.36,6.38,-0.0199999999999995,-0.31,738578.63,469613.402,,,,,,,20251024.0,20251024
2025-10-27,000002.SZ,6.37,6.38,6.31,6.32,6.36,-0.04,-0.63,1053944.09,667073.659,,,,,,,20251027.0,20251027
2025-10-28,000002.SZ,6.32,6.33,6.26,6.27,6.32,-0.0500000000000007,-0.79,917900.19,577519.765,,,,,,,20251028.0,20251028
2025-10-29,000002.SZ,6.26,6.32,6.24,6.31,6.27,0.04,0.64,857160.82,539296.509,,,,,,,20251029.0,20251029
2025-10-30,000002.SZ,6.31,6.32,6.26,6.27,6.31,-0.04,-0.63,737459.11,463346.536,,,,,,,20251030.0,20251030
2025-10-31,000002.SZ,6.24,6.3,6.2,6.27,6.27,0.0,0.0,845102.09,529341.765,,,,,,,20251031.0,20251031
2025-11-03,000002.SZ,6.28,6.32,6.26,6.3,6.27,0.0300000000000002,0.48,689571.0,433621.136,,,,,,,20251103.0,20251103
2025-11-04,000002.SZ,6.28,6.3,6.21,6.23,6.3,-0.0699999999999994,-1.11,1077372.5,672486.858,,,,,,,20251104.0,20251104
2025-11-05,000002.SZ,6.2,6.24,6.16,6.22,6.23,-0.0100000000000006,-0.16,692007.28,429343.47,,,,,,,20251105.0,20251105
2025-11-06,000002.SZ,6.2,6.22,6.17,6.18,6.22,-0.04,-0.64,889218.53,550107.118,,,,,,,20251106.0,20251106
2025-11-07,000002.SZ,6.17,6.22,6.15,6.18,6.18,0.0,0.0,733081.92,453507.99,,,,,,,20251107.0,20251107
2025-11-10,000002.SZ,6.17,6.26,6.16,6.26,6.18,0.08,1.29,1031199.13,641296.734,,,,,,,20251110.0,20251110
2025-11-11,000002.SZ,6.24,6.31,6.23,6.28,6.26,0.0200000000000004,0.32,906104.54,568430.823,,,,,,,20251111.0,20251111
2025-11-12,000002.SZ,6.31,6.33,6.24,6.26,6.28,-0.0200000000000004,-0.32,860610.61,540093.753,,,,,,,20251112.0,20251112
2025-11-13,000002.SZ,6.24,6.28,6.22,6.28,6.26,0.0200000000000004,0.32,763515.74,477638.822,,,,,,,20251113.0,20251113
2025-11-14,000002.SZ,6.25,6.32,6.25,6.27,6.28,-0.0100000000000006,-0.16,1182180.67,743739.695,,,,,,,20251114.0,20251114
2025-11-17,000002.SZ,6.25,6.29,6.24,6.26,6.27,-0.0099999999999997,-0.16,841324.65,527202.319,,,,,,,20251117.0,20251117
2025-11-18,000002.SZ,6.26,6.27,6.12,6.13,6.26,-0.1299999999999999,-2.08,1461830.5,901746.513,,,,,,,20251118.0,20251118
2025-11-19,000002.SZ,6.12,6.13,6.04,6.06,6.13,-0.0700000000000002,-1.14,1024094.2,622029.495,,,,,,,20251119.0,20251119
2025-11-20,000002.SZ,6.06,6.29,6.02,6.2,6.06,0.1400000000000005,2.31,1962248.31,1211557.177,,,,,,,20251120.0,20251120
2025-11-21,000002.SZ,6.12,6.19,6.06,6.06,6.2,-0.1400000000000005,-2.26,1231018.91,752393.756,,,,,,,20251121.0,20251121
2025-11-24,000002.SZ,6.06,6.13,6.04,6.04,6.06,-0.0199999999999995,-0.33,1006978.04,612019.543,,,,,,,20251124.0,20251124
2025-11-25,000002.SZ,6.05,6.1,6.01,6.04,6.04,0.0,0.0,960658.4,581041.097,,,,,,,20251125.0,20251125
2025-11-26,000002.SZ,6.03,6.06,5.88,5.89,6.04,-0.1500000000000003,-2.48,2005217.22,1192429.529,,,,,,,20251126.0,20251126
2025-11-27,000002.SZ,5.6,5.65,5.37,5.47,5.89,-0.4199999999999999,-7.13,3961433.24,2181600.717,,,,,,,20251127.0,20251127
2025-11-28,000002.SZ,5.41,5.48,5.27,5.38,5.47,-0.0899999999999998,-1.65,2953635.76,1579226.789,,,,,,,20251128.0,20251128
2025-12-01,000002.SZ,5.3,5.34,5.17,5.2,5.38,-0.1799999999999997,-3.35,3212116.25,1684908.905,,,,,,,20251201.0,20251201
2025-12-02,000002.SZ,5.24,5.26,5.18,5.2,5.2,0.0,0.0,1686909.29,880080.038,,,,,,,20251202.0,20251202
2025-12-03,000002.SZ,5.22,5.23,5.0,5.01,5.2,-0.1900000000000004,-3.65,2792336.1,1419297.667,,,,,,,20251203.0,20251203
2025-12-04,000002.SZ,4.96,5.07,4.91,4.97,5.01,-0.04,-0.8,2620008.93,1302590.182,,,,,,,20251204.0,20251204
2025-12-05,000002.SZ,4.94,4.97,4.81,4.95,4.97,-0.0199999999999995,-0.4,3180996.4,1552889.664,,,,,,,20251205.0,20251205
